id	label	x	y	cluster	weight<Links>	weight<Total link strength>	weight<Occurrences>	score<Avg. pub. year>	score<Avg. citations>	score<Avg. norm. citations>
17	'current	1.13	-0.1351	4	134	211	41	2022.3659	8.122	1.9519
636	"adaptation, psychological"	-0.9374	-0.144	1	164	328	16	2018.6875	13.0625	1.1075
753	administrative personnel	-0.2427	-0.6926	1	177	317	18	2019.9444	11.7778	1.0083
764	adolescent	-0.9488	0.1343	3	589	3278	155	2019.6065	11.9032	0.9744
788	adoption	0.0005	0.1322	2	168	265	27	2019.8519	11.1111	1.0212
823	adult	-0.7227	0.0741	3	777	10796	557	2019.9425	11.605	0.9652
847	advanced analytics	1.3008	0.0374	4	235	1203	161	2020.2919	16.9503	1.6438
908	advertising	0.3544	-0.3492	4	229	455	62	2020.3226	9.5323	0.972
931	advertizing	1.0241	-0.5329	4	119	207	27	2022.2963	6.7037	0.7913
1029	africa	-0.1552	0.4079	2	230	431	61	2019.8033	15.6066	1.4149
1038	african american	-0.5262	-0.4295	1	156	232	11	2019.0909	9.9091	0.7657
1094	age	-0.7637	0.4937	3	299	766	47	2019.9787	14.2766	1.1794
1101	age factors	-0.8639	0.4777	3	156	313	14	2018.1429	13.1429	0.9297
1115	aged	-0.8673	-0.0449	3	582	3205	151	2019.755	14.0265	1.0562
1118	"aged, 80 and over"	-1.0633	-0.1961	3	321	1002	43	2018.5349	25.7674	1.6004
1119	ageing	-0.2734	0.3655	3	119	198	13	2020.3077	15.8462	1.3001
1138	agency theory	0.7923	0.7302	2	57	147	70	2020	14.8	1.2752
1199	aging	-0.4256	0.1831	3	270	615	36	2020.3056	24.5833	1.5645
1332	agricultural land	-0.1524	0.6723	2	232	496	43	2020.7442	8.186	0.9472
1373	agricultural robots	0.6075	0.1531	2	130	251	43	2019.6047	10.5116	0.9466
1398	agricultural worker	-0.2241	0.6449	2	350	958	70	2020.1	13.7857	1.115
1400	agriculture	0.3129	0.2512	2	471	1429	206	2019.7573	13.3835	1.0311
1471	agroindustry	0.419	0.5953	2	102	171	36	2019.6667	13.25	1.2203
1482	ai	0.6766	-0.3348	4	110	159	28	2022.25	13.2857	2.0755
1645	alcohol consumption	-0.8376	0.0661	3	179	340	15	2020.6	41.8	2.7191
1677	algorithm	0.4304	-0.3924	4	189	309	35	2020.7714	39.7429	2.9476
1698	algorithms	0.5788	-0.4486	4	118	194	27	2017.6667	30.7778	1.8957
1941	analysis	0.1574	0.2332	2	189	286	26	2018.4231	17.5769	1.3279
1966	analytic	1.1921	-0.2954	4	113	234	28	2021.9286	7.1786	1.1727
2017	analytics	1.0297	-0.2921	4	229	636	151	2020.1192	11.6093	1.0455
2139	animal	-0.3418	0.6155	2	305	886	71	2018.8451	27.6197	1.8904
2146	animal experiment	-0.3219	0.5734	2	89	184	18	2019.2778	10.5556	0.7448
2151	animal husbandry	-0.257	0.6276	2	170	322	22	2019.2727	17.7727	1.3079
2163	animals	-0.23	0.551	2	326	953	85	2019.0588	23.3647	1.603
2369	anxiety	-0.9899	0.1183	3	281	651	38	2021.4737	8.2632	0.8584
2459	application programs	1.0117	-0.2451	4	109	169	43	2018.4884	16.3721	1.093
2517	aquaculture	0.0771	0.3736	2	129	176	28	2019.3214	13.5	1.1337
2706	article	-0.4569	-0.0582	3	880	14294	829	2020.2099	12.807	1.0797
2725	artificial intelligence	0.9312	-0.3226	4	421	1809	303	2021.0132	18.835	2.4425
2809	asia	-0.1162	0.3717	2	156	222	21	2018.9524	19.5714	1.3949
3023	attention	-0.1383	-0.2918	1	166	253	17	2019.8235	12.7059	1.283
3032	attitude	-0.485	0.2394	3	319	680	48	2019.875	19.5833	1.5762
3034	attitude of health personnel	-0.7696	-0.7434	1	202	496	23	2019	16.3913	1.4616
3039	attitude to death	-1.0885	-0.4769	1	101	207	10	2017.9	16.8	1.1511
3041	attitude to health	-1.0058	0.3351	3	398	1391	56	2019.2679	12.2321	0.9332
3149	australia	-0.1694	-0.1053	1	417	959	102	2019.4608	13.2451	1.2495
3311	automation	0.8277	-0.215	4	158	269	61	2019.623	11.4918	1.4379
3421	awareness	-0.5329	-0.0712	1	407	1038	61	2020.459	10.2295	1.0276
3626	bangladesh	-0.0827	0.6837	2	228	433	58	2019.8276	14.6379	1.1132
3894	behavior	-0.2455	0.2625	3	311	639	38	2018.9211	20.8158	1.2922
3899	behavior change	-0.3649	-0.0902	3	208	315	16	2019.5625	39.375	2.3874
3959	behavioral research	1.1299	-0.2442	4	286	951	145	2019.7931	12.8828	1.159
4039	benchmarking	1.0339	-0.212	4	158	260	44	2020.1591	12.6818	1.4336
4116	betacoronavirus	-0.8077	0.6706	3	138	267	10	2020	66.8	5.1941
4174	bibliometric analysis	0.6726	0.2188	2	111	176	62	2022.5968	15.4032	2.3751
4218	big data	1.1771	-0.0806	4	444	3768	616	2019.7873	23.638	1.9369
4226	big data analytic	1.319	-0.1388	4	137	443	47	2022.8723	9.4894	1.6092
4228	big data analytics	1.2094	-0.0346	4	248	1063	199	2020.4221	31.9347	2.7877
4394	biodiversity	0.286	0.3372	2	124	208	28	2019.9643	7.8571	0.9668
4476	biomedical research	-0.1445	-0.6128	1	143	258	14	2017.7143	22.6429	1.6352
4515	biotechnology	0.3018	0.0847	2	105	150	22	2020.4545	10.0455	1.3296
4651	blockchain	1.0365	-0.033	4	98	181	43	2021.9302	9.1395	1.5477
4760	body mass	-0.6074	-0.1445	3	216	437	16	2019.5	9.625	0.7343
5054	brazil	0.0257	0.3906	2	279	525	65	2019.8308	12.6769	1.0417
5086	breast feeding	-1.0118	-0.3127	1	145	293	16	2018.1875	11.8125	0.8542
5210	budget control	1.0969	-0.1152	4	103	174	31	2019.8387	7.7419	0.8127
5307	burnout	-0.8398	-0.4831	1	212	427	29	2020.7931	14.8276	1.1743
5331	business	0.4664	0.4991	2	412	1445	335	2020.3373	10.2627	1.1362
5353	business analytics	1.2497	-0.0616	4	193	597	122	2020.1066	14.5328	1.2464
5451	business decisions	1.1674	-0.2	4	101	194	25	2020.4	15.52	2.3132
5455	business development	0.532	0.5899	2	318	1015	173	2020.4913	15.5029	1.9325
5481	business environments	0.9832	0.2084	4	85	131	23	2019.3478	6.087	0.7656
5557	business intelligence	0.9593	-0.2693	4	199	478	75	2019.92	21.76	1.6135
5622	business modeling	0.8063	-0.0628	4	114	172	35	2018.2571	13.6857	1.0132
5624	business models	0.8433	0.1547	4	119	205	52	2021.0769	10.9423	1.1523
5662	business performance	0.9564	0.3094	4	124	228	69	2020.6087	8.4783	0.8037
5679	business process	1.1023	-0.0783	4	111	211	64	2019.4219	13.875	1.0926
5782	business strategy	1.0086	0.2875	4	104	165	40	2020.025	10.475	1.0566
5863	business-intelligence	1.1452	-0.0452	4	102	201	22	2022.3182	14.2273	1.3156
5998	california	-0.283	-0.1148	1	173	284	31	2019.4194	13.7419	0.959
6058	canada	-0.2815	-0.2856	1	271	527	51	2019.549	14.2549	1.2488
6066	cancer	-0.8602	-0.3464	1	141	250	17	2020.6471	14.4706	1.4042
6087	cancer patient	-0.9856	-0.5609	1	136	275	12	2020.1667	19.8333	1.6192
6152	capacity building	-0.3181	-0.07	1	168	264	19	2019.6316	10.3684	0.7967
6282	cardiovascular disease	-0.8639	-0.1533	3	176	292	16	2021.0625	13.375	1.2501
6311	career	-0.2862	-0.3672	1	214	506	46	2019.9348	7.3913	0.6452
6320	career choice	-0.6044	-0.6028	1	155	302	21	2018.1429	8.8571	0.606
6378	caregiver	-0.7642	-0.3601	1	367	991	57	2020.5263	12.807	1.125
6384	caregivers	-0.8864	-0.4554	1	225	554	31	2020.5161	12.8065	1.1127
6455	case report	-0.1934	-0.5602	1	198	406	29	2018.9655	8	0.7106
6458	case study	0.6104	0.2306	2	217	366	104	2019.6154	14.25	1.1099
6469	case-studies	0.9329	0.0341	4	171	314	60	2022	3.1667	0.4258
6554	catering service	-0.3849	0.5663	2	242	561	25	2018.88	17.88	1.2252
6569	cattle	-0.3721	0.7309	2	102	191	20	2020.05	14.95	1.2267
6881	challenges	0.6026	0.2764	2	114	175	49	2021.1224	9.5102	1.3044
7135	child	-0.8123	-0.053	3	679	4134	220	2019.9909	12.3455	0.9949
7142	child behavior	-1.1908	-0.1017	3	121	204	10	2019	31.2	2.5526
7146	child care	-0.8057	0.0206	3	243	506	36	2019.3611	10.9167	0.8899
7157	child health	-0.6952	0.0486	3	299	641	30	2019.7333	19.3667	1.3991
7158	child health care	-0.9378	-0.2195	3	173	296	13	2017.3846	26.6923	1.5701
7168	child nutrition	-0.9096	0.2301	3	116	198	8	2017.875	23	1.553
7173	child parent relation	-1.0444	-0.0557	3	231	563	32	2020.3125	12.7188	1.2786
7193	child welfare	-1.026	0.2605	3	114	184	20	2020.2	11.05	0.8306
7200	"child, preschool"	-1.0851	-0.062	3	387	1370	60	2019.05	24.1	1.7576
7210	childhood	-0.6027	0.0072	3	110	205	16	2020.0625	8.875	0.7862
7222	childhood obesity	-0.7375	-0.2914	3	112	198	10	2019.5	9.8	0.6978
7232	children	-0.5921	0.2861	3	205	379	41	2019.9756	9.9024	0.7628
7271	china	0.099	0.5496	2	586	2528	354	2020.613	14.4605	1.5471
7291	chinese	-0.3856	0.326	3	139	256	21	2021.7619	2.619	0.4601
7460	chronic disease	-0.4292	-0.4105	1	272	502	25	2019.4	12.72	0.9532
7564	cities	-0.3541	0.6706	3	151	271	18	2019.5	20.0556	1.629
7577	city	-0.458	0.4637	3	245	486	25	2019.64	14.96	1.2328
7664	classification	0.7129	-0.2978	4	241	517	66	2019.7424	30	2.561
7665	classification (of information)	1.2651	-0.4443	4	178	678	87	2020.069	14.5977	1.3565
7759	climate change	0.3668	0.3051	2	255	439	75	2020.5067	17.72	1.7008
7789	clinical article	-0.6115	-0.2785	1	470	1569	85	2020.4235	9.7529	0.9021
7824	clinical outcome	-0.2613	-0.5017	1	164	239	11	2020.8182	5.8182	1.0882
7830	clinical practice	-0.3552	-0.6557	1	303	629	34	2019	8.5588	0.649
7834	clinical research	-0.0882	-0.6098	1	151	217	14	2021.2857	7.4286	0.8022
7841	clinical trial	-1.0293	-0.3538	1	231	469	20	2018.9	16.75	1.2845
7901	cloud computing	1.0333	-0.1582	4	133	286	51	2018.3333	16.5294	1.2982
7951	cluster analysis	0.6271	-0.0526	4	248	435	62	2020.5645	9.2742	0.8288
7975	clustering	1.2386	-0.3315	4	108	248	46	2020.0435	10	1.0203
7977	clustering algorithms	1.2314	-0.3692	4	118	263	40	2018.55	57.5	3.3054
8153	cognition	-0.0646	0.1672	3	183	273	28	2020.8929	14.8571	1.5312
8229	cohort analysis	-0.9687	-0.0129	3	312	804	39	2020.7436	11.0769	1.0266
8475	commerce	1.0047	-0.1242	4	651	5652	772	2020.044	12.2513	1.2134
8525	commercial phenomena	-0.3399	0.0752	3	688	3056	176	2020.0625	10.0398	0.8911
8601	communication	-0.1537	-0.3866	1	278	581	80	2019.4875	12.1625	0.991
8661	community	-0.2934	0.0583	1	262	431	53	2020.9623	7.566	0.8697
8674	community care	-0.6178	-0.3241	1	167	251	13	2018.6923	8.9231	0.6541
8810	comorbidity	-0.9229	-0.0705	3	143	260	15	2018.5333	9.3333	0.6751
8872	comparative study	-0.1729	0.33	2	349	681	58	2019.0345	14.0862	1.0648
8911	competition	0.9616	0.0673	4	377	1258	180	2019.5944	12.1222	1.1065
8919	competitive advantage	1.1567	0.1737	4	167	390	69	2019.8116	9.2174	0.9092
8940	competitive intelligence	1.0885	-0.193	4	128	270	31	2018.5484	17.5806	1.4045
8962	competitiveness	0.6634	0.4741	2	160	251	59	2020.1186	8.5424	0.8232
9052	complication	-0.9952	0.0604	3	151	258	14	2019.1429	6.5714	0.591
9230	computer software	0.9379	-0.172	4	91	132	31	2018.3548	6.4194	0.4615
9306	conceptual framework	0.1586	0.3347	2	297	508	47	2020.3617	20.8723	2.1505
9417	conflict	0.0961	0.2685	3	105	189	41	2020.0976	17.9756	1.5264
9511	consensus	-0.5685	-0.1877	1	146	206	10	2020.9	17.7	1.4556
9613	construction industry	0.6196	0.0921	4	132	216	38	2020.0263	31.5263	2.1978
9653	consultation	-0.6611	-0.5238	1	194	347	19	2019	6.0526	0.3752
9658	consumer	0.0596	-0.2276	2	306	651	53	2019.8868	9.8679	0.8081
9674	consumer attitude	0.0425	0.0603	2	229	456	26	2020.1923	9.0385	0.9495
9677	consumer behavior	0.8804	-0.2766	4	337	1074	137	2020.5693	10.1971	0.8745
9829	consumption behavior	0.4876	0.2761	2	159	237	35	2021.1714	21.3143	3.9272
9868	content analysis	0.2215	-0.3568	1	264	485	67	2020.2836	17.8806	1.5484
9989	contraception	-0.8975	0.3022	5	164	338	19	2019.3158	11.2632	0.7575
9990	contraception behavior	-1.1155	0.3644	5	100	201	7	2019	21.4286	1.4276
9994	contraceptive behavior	-1.0743	0.3997	5	106	233	9	2019.4444	17.7778	1.2409
10092	controlled study	-0.6431	0.1399	3	744	5538	283	2020.2403	12.2473	1.0127
10164	convolutional neural network	0.5962	-0.5574	4	127	179	21	2021.9048	2.3333	0.4132
10169	cooking	-0.103	0.412	2	112	177	13	2019.3077	17.3077	1.493
10173	cooperation	-0.3048	-0.5068	1	248	487	44	2018.5227	8.6591	0.7993
10189	cooperative behavior	-0.4357	-0.5781	1	222	450	25	2017.12	11.28	0.6779
10231	coping behavior	-0.7309	-0.1589	1	179	319	16	2019.3125	12.75	1.195
10307	coronavirus	-0.2721	0.5003	3	243	461	33	2021.1212	28.1515	2.3541
10311	coronavirus disease 2019	-0.7228	0.1631	3	512	2043	92	2021.8804	16.7283	1.6219
10312	coronavirus infection	-0.7573	0.6208	3	188	422	17	2020.0588	48.1176	3.7624
10313	coronavirus infections	-0.8123	0.6083	3	182	401	15	2019.9333	53.2667	4.1441
10373	corporate governance	0.7758	0.612	2	161	512	259	2019.6757	15.5212	1.3954
10442	corporate social responsibility	0.6587	0.5553	2	181	453	158	2020.1962	20.9051	2.2388
10463	corporate strategy	0.6532	0.6143	2	109	219	48	2019.1875	14.8333	1.1905
10538	cost	-0.3813	0.1822	2	141	231	17	2017.6471	17.7647	1.0986
10543	cost benefit analysis	0.2097	-0.2766	4	281	520	48	2019.9375	12.6458	1.2788
10547	cost control	-0.4896	-0.5776	1	135	199	13	2019.8462	10.7692	1.1379
10552	cost effectiveness	0.9661	-0.1357	4	159	269	46	2019.5	11.9783	0.9824
10553	cost effectiveness analysis	-0.506	-0.4765	1	209	357	15	2020.4	37.4667	2.8301
10594	cost-benefit analysis	-0.0608	-0.1435	1	180	283	18	2019.5	15	1.6645
10621	costs	0.8512	-0.0644	4	253	550	96	2019.8333	11.4167	1.0655
10640	counseling	-0.5222	-0.6039	1	141	208	12	2018.8333	5.3333	0.4212
10750	covid-19	-0.1351	0.3108	3	691	3049	425	2022.0071	13.1059	1.8006
10768	covid-19 pandemic	0.0656	0.5362	2	114	172	46	2022.3696	13.5435	1.9867
10905	crime	0.7111	-0.2397	4	145	203	31	2019.2258	7.6129	0.5382
11157	cross-sectional studies	-0.9698	0.2775	3	450	1843	88	2019.6364	13.8182	1.1442
11158	cross-sectional study	-0.8687	0.3378	3	522	2573	124	2020	11.9677	1.024
11289	cultivation	0.565	0.2806	2	99	138	35	2019.8571	8.4857	0.8357
11300	cultural anthropology	-0.347	0.4527	2	155	270	14	2020.1429	5.6429	0.3787
11341	cultural factor	-0.4046	-0.0909	1	171	248	12	2019.1667	10.1667	0.7852
11404	culture	0.0673	0.4165	2	190	327	74	2019.6892	9.8378	0.9714
11444	curricula	0.9394	-0.1224	4	89	163	31	2020.2258	1.2903	0.3616
11490	customer behavior	1.4429	-0.2983	4	120	318	46	2021.8261	7.4348	0.7632
11551	customer experience	1.4186	-0.0889	4	107	261	51	2020.7451	8.2549	1.0483
11616	customer relationship management	1.3567	-0.0166	4	137	408	66	2019.8788	21.5303	1.6812
11636	customer satisfaction	1.2676	-0.0921	4	197	659	107	2020.8131	8.8785	1.2803
11642	customer segmentation	1.4879	-0.3328	4	107	358	47	2020.2766	9.0213	0.7907
11692	customers segmentations	1.4624	-0.3818	4	88	219	25	2022.48	3.64	0.6047
11740	cyber security	1.1419	-0.4844	4	87	156	28	2021.0357	86.2857	5.506
11764	cybersecurity	1.1395	-0.4243	4	95	169	32	2022.3125	5.5	0.9432
11932	data acquisition	0.8421	-0.1504	4	146	243	39	2019.7949	9.7436	0.9621
11939	data analysis	0.2911	-0.3569	4	391	795	71	2020.8451	13.2817	1.2731
11961	data analytics	1.2239	-0.1562	4	382	3340	489	2020.9243	16.8691	1.5762
11981	data base	-0.0924	-0.5291	1	143	192	10	2020.5	11.6	1.8191
11997	data collection	0.5038	-0.2319	4	168	250	26	2019.6154	7.8077	0.6492
12017	data driven	1.2931	-0.2401	4	132	306	43	2021.6977	7.3256	1.0801
12036	data extraction	0.1728	-0.4858	1	168	216	11	2020.4545	11.7273	1.0301
12049	data handling	1.1405	-0.2122	4	202	694	99	2019.0909	9.5253	0.9157
12088	data mining	1.1403	-0.3329	4	383	2367	340	2019.3706	19.6853	1.3812
12124	data privacy	0.9081	-0.4191	4	161	350	61	2020.4262	9.1967	0.8281
12127	data processing	0.29	-0.1841	4	160	203	14	2021.7143	21.8571	2.2337
12153	data science	0.975	-0.174	4	150	344	56	2020.8929	51.8393	4.8112
12176	data set	0.834	0.2381	2	111	177	27	2020.4074	9.1111	1.248
12224	data visualization	1.1921	-0.331	4	166	495	67	2020.403	8.4776	0.8353
12277	database	0.3919	0.1928	2	125	147	22	2020.0909	10.4091	2.0471
12363	death	-0.9794	-0.4593	1	197	460	27	2019.1481	12.2222	0.913
12446	decision making	0.6642	-0.1396	4	769	3992	476	2020.1471	12.9958	1.3208
12475	decision support system	0.4216	-0.2169	4	172	242	20	2020.75	16.85	1.7826
12477	decision support systems	1.1274	-0.1673	4	191	480	67	2020.1642	12.5522	1.2228
12488	decision tree	0.9907	-0.5189	4	115	231	31	2020.7097	4.9677	0.3684
12501	decision trees	1.2639	-0.4863	4	188	826	100	2020.47	17.9	1.909
12503	decision-making	0.4741	0.0578	4	193	330	64	2020.6094	12.1406	1.2879
12528	decisions makings	1.1583	0.0277	4	200	605	68	2022.3824	11.3529	1.6684
12576	deep learning	0.9494	-0.4764	4	293	943	149	2021.6309	38.651	3.3931
12583	deep neural networks	1.1389	-0.4576	4	77	148	24	2021.5	15.5	2.0539
12674	delivery of health care	-0.6135	-0.5567	1	311	804	44	2019.25	13.4773	1.0598
12733	dementia	-0.6628	-0.642	1	140	256	17	2020.6471	12.9412	1.0748
12772	demographics	-0.3147	0.2075	3	201	328	20	2022.35	5.95	0.65
12773	demography	-0.7317	0.2395	3	372	1080	56	2019.1786	13.8214	0.9642
12881	depression	-0.8173	-0.1389	3	356	928	51	2020.1765	16.6863	1.3811
12931	design	0.883	-0.1126	4	109	181	40	2018.9	12.65	1.0279
13026	design/methodology/approach	0.9164	-0.0363	4	102	157	26	2019.2692	12.8077	1.1905
13115	developing countries	0.2232	0.2552	2	371	783	106	2018.8962	16.1887	1.2539
13116	developing country	-0.3166	0.5076	2	292	607	40	2018.525	22.025	1.7223
13123	developing world	0.2775	0.5585	2	198	345	39	2020.4615	21.4872	2.7355
13227	diabetes mellitus	-0.6899	-0.1154	3	207	399	18	2019.2778	10.7778	0.6291
13238	diagnosis	-0.1214	-0.3427	1	218	366	31	2021.2258	9.5806	0.9882
13302	diet	-0.5395	0.2802	3	200	404	25	2019.2	35.16	2.2807
13545	digital marketing	1.3349	-0.1128	4	237	1054	206	2021.4806	11.2621	1.1796
13619	digital storage	1.1675	-0.1417	4	235	736	108	2019.7407	13.3056	1.0827
13627	digital technologies	1.0301	0.3074	4	101	177	31	2021.7097	16.7097	3.0274
13637	digital transformation	1.1077	0.1891	4	183	467	113	2022.3097	10.7434	1.8765
13661	digitalization	0.9295	0.2815	4	109	187	49	2022.3061	11.898	2.8564
13798	disaster	-0.2919	0.4435	2	140	230	17	2019	14.5882	2.4317
13815	disasters	0.2357	0.2071	2	137	223	32	2018.7188	8.6562	0.6176
13885	disease association	-0.9272	0.3408	3	178	336	14	2019.6429	14	1.1446
13888	disease control	-0.0118	0.0908	3	160	197	16	2020.6875	8.9375	1.0033
13898	disease outbreaks	-0.6235	0.4437	3	174	301	16	2019.625	36.5	2.8518
13909	disease severity	-1.0749	0.1175	3	167	273	13	2020.8462	11.6923	1.0592
13914	disease transmission	-0.9189	0.4123	3	157	270	10	2021.2	14.1	1.287
13917	diseases	0.0675	-0.2648	1	144	189	19	2020.3158	28.5263	2.0864
14007	distress syndrome	-1.0342	-0.0076	3	143	230	8	2021.125	21	2.7198
14190	doctor patient relation	-0.6218	-0.7575	1	162	281	13	2015.7692	19.9231	1.1086
14291	domestic violence	-0.3348	0.337	3	137	230	17	2021.0588	10.5294	0.9565
14458	drug dependence	-0.6835	0.0896	3	124	199	11	2020.7273	12.8182	1.2569
14479	drug industry	-0.0571	-0.3652	1	174	304	23	2019.3478	10.5652	0.9014
14487	drug marketing	0.0172	-0.428	1	151	287	26	2019.6538	19.4231	1.7438
14506	drug safety	-0.132	-0.5665	1	105	183	16	2020.875	19.625	1.7604
14650	dynamic capabilities	0.9782	0.386	2	95	178	59	2021.322	30.9153	3.2995
14770	e- commerces	1.382	-0.1105	4	116	318	40	2022.7	6.7	1.6643
14783	e-commerce	1.277	-0.0329	4	162	468	86	2021.1163	6.8023	0.8822
14829	e-learning	1.0823	-0.2696	4	152	377	54	2021.2407	9.8519	0.9403
15091	ecology	0.5763	0.1735	2	104	143	28	2018.9286	6.8929	0.5867
15115	economic analysis	0.6871	0.2569	2	192	304	50	2020.04	5.98	0.6492
15123	economic and social effects	0.828	0.1288	4	291	794	122	2020.0902	11.1557	1.3979
15127	economic aspect	-0.4258	0.32	3	347	731	38	2019.9474	32.7105	2.2679
15153	economic development	0.2943	0.438	2	331	733	100	2020.17	16.39	1.3691
15187	economic growth	0.3833	0.5721	2	159	289	55	2020.4182	20.0909	1.8145
15190	economic history	0.3918	0.721	2	80	173	41	2018.878	6.0244	0.5618
15193	economic impact	0.2455	0.355	2	152	217	29	2020.7586	11.2069	1.8929
15247	economic recession	-0.4434	0.4322	3	126	201	11	2017.3636	13.8182	0.8901
15305	economics	0.1573	-0.0058	2	741	3016	275	2018.5491	16.8291	1.1632
15327	ecosystem	0.1474	0.2755	2	158	225	25	2020.28	11.68	1.2417
15335	ecosystems	0.6213	-0.1364	4	115	157	25	2019.16	17.16	1.4959
15383	education	-0.1394	-0.0668	1	644	2438	223	2019.278	12.157	0.9945
15388	education computing	0.9055	-0.1879	4	89	156	25	2020.72	8.24	0.8233
15474	educational status	-0.7395	0.4122	3	426	1338	55	2020.5091	8.1273	0.6901
15536	efficiency	0.7647	-0.0666	4	198	334	72	2019.9306	10.2639	0.9071
15634	elderly care	0.1111	-0.086	3	139	194	19	2020.5263	29.4737	1.8155
15788	electronic commerce	1.2952	-0.1584	4	267	1112	159	2020.0063	10.2642	1.3298
15814	electronic health record	-0.1231	-0.6991	1	233	427	22	2020.8182	12.0909	1.1078
15816	electronic health records	-0.1918	-0.744	1	188	304	16	2020.1875	17.1875	1.4983
15827	electronic medical record	-0.4366	-0.6863	1	218	386	17	2020	10.4706	0.9142
15933	embedded systems	1.3203	-0.006	4	78	164	28	2019.5357	7.3571	0.6747
15953	emergency care	-0.5714	-0.4813	1	135	195	11	2019.3636	12.9091	1.023
15980	emergency ward	-0.8068	-0.5708	1	195	375	18	2020.3889	5.7222	0.8915
16005	emerging markets	0.8573	0.4535	2	78	137	44	2019.2727	13.8636	1.3708
16024	emigrants and immigrants	-0.8306	0.1975	3	132	225	11	2018.8182	8	0.5626
16045	emotion	-0.5337	0.1376	3	188	345	32	2020.875	18.8125	2.1728
16116	emotions	-0.3334	0.1287	3	188	346	43	2020.8837	19.3256	2.0622
16127	empirical analysis	0.5111	0.421	2	191	294	50	2020.02	9.48	0.9541
16160	employee	-0.2158	-0.0019	3	355	876	59	2020.0169	10.6441	0.8329
16246	employer	-0.2429	-0.265	1	187	357	21	2018.4286	9.7619	0.7724
16261	employment	0.039	0.2951	2	586	2066	232	2019.7586	12.694	1.1577
16295	employment status	-0.5714	0.5844	3	182	343	14	2020.2857	10.0714	0.8533
16302	empowerment	-0.1355	0.4544	2	278	540	69	2020.4348	11.6377	1.367
16424	energy efficiency	0.6403	0.0479	4	116	183	42	2019.5238	14.5714	1.3866
16482	energy utilization	0.7925	-0.01	4	90	132	29	2020.0345	13.8621	1.2775
16525	engineering education	0.8916	-0.1528	4	124	262	47	2019.6383	3.7234	0.5349
16565	england	-0.2239	0.0677	2	233	446	41	2020.122	11.1707	1.0005
16684	enterprise resource management	1.1069	0.0589	4	92	168	42	2018.7381	28.881	2.376
16685	enterprise resource planning	0.9644	0.0308	4	107	157	33	2019.2121	13.1515	0.9777
16731	entrepreneur	0.3335	0.6973	2	299	1150	241	2020.2614	12.7635	1.5722
16837	entrepreneurial intention	0.4468	0.6837	2	71	131	80	2020.775	17.275	1.755
16867	entrepreneurial orientation	0.792	0.6456	2	99	251	112	2020.7232	17.8125	1.889
16949	entrepreneurs	0.358	0.4605	2	134	230	69	2020.2609	9.3478	0.8755
16951	entrepreneurship	0.3857	0.4836	2	451	1927	642	2020.0202	10.2259	1.0085
17043	environment	0.2714	0.1452	2	195	290	48	2020.0625	7.8542	0.8867
17093	environmental economics	0.6384	0.3687	2	149	259	33	2021.0303	34.303	3.6575
17101	environmental factor	-0.2852	0.2359	3	152	211	11	2017.8182	21.2727	1.2614
17117	environmental impact	0.4817	0.1636	2	161	250	32	2019.4062	16.8438	1.4717
17134	environmental management	0.7141	0.2916	2	148	246	39	2019.9744	25.3333	2.4727
17168	environmental protection	0.3783	0.3917	2	160	254	33	2019.8485	9.4848	0.8765
17195	environmental sustainability	0.3854	0.2616	2	148	205	23	2020.7391	32.913	2.9314
17234	epidemic	-0.5274	0.4264	3	271	592	34	2020.4412	28.9706	2.7659
17247	epidemiology	-0.8111	0.156	3	502	1885	95	2020.7158	12.1895	1.2542
17499	ethics	0.0057	-0.3339	1	295	540	74	2019.1892	17.6622	2.2575
17516	ethiopia	0.0623	0.6062	2	142	195	41	2021.3415	5.0244	0.624
17566	ethnicity	-0.1036	-0.1045	1	227	389	38	2020.5263	7.7895	0.6754
17581	ethnography	-0.0469	0.4447	2	161	260	47	2019.383	12.0851	1.2276
17582	ethnology	-0.8459	0.1561	3	240	471	21	2017.9524	10.8571	0.7013
17630	europe	0.254	0.2766	2	215	332	50	2020.16	25.58	2.0009
17661	european union	0.4366	0.2683	2	112	131	31	2019.7419	13	1.0294
17702	evaluation study	-0.3211	-0.1283	1	146	212	10	2017.7	15.6	0.9402
17762	evidence based practice	-0.7772	-0.5004	1	166	301	14	2018.9286	43.2857	2.3522
17873	exercise	-0.6337	-0.2243	3	242	495	23	2019.913	12.2609	0.9544
18070	exploratory research	-0.0194	-0.3788	1	193	310	18	2019.2222	13.2778	1.0244
18310	facebook	0.9732	-0.3174	4	129	302	48	2019.7083	7.9583	0.9344
18344	factor analysis	0.5259	0.1982	2	138	197	37	2020.1351	8.027	0.829
18481	familiness	0.8398	0.5812	2	75	161	65	2020.3846	13.3846	1.4108
18494	family	-0.4768	-0.0084	1	687	3275	320	2019.6469	13.0875	0.9653
18554	family business	0.6934	0.5065	2	484	3573	1918	2020.1361	13.0568	1.3193
18683	family businesses	0.7484	0.4477	2	163	364	214	2020.2897	10.257	1.041
18712	family characteristics	-0.3121	0.6895	2	397	1339	66	2019.5152	20.0909	1.4596
18748	family conflict	-0.2945	0.1711	3	136	301	19	2019.9474	16.7895	1.3218
18838	family farm	0.3422	0.6015	2	139	277	68	2019.8824	16.3088	1.3136
18865	family firm	0.7299	0.6122	2	173	558	286	2019.7657	14.7797	1.5018
18902	family firms	0.7623	0.5604	2	304	1630	821	2020.5822	17.4823	1.7896
18953	family health	-0.4835	-0.1673	1	228	362	14	2020.2857	10.7857	0.8313
18959	family history	-0.9352	0.0315	3	198	515	33	2019.6667	4.8788	0.4009
18979	family income	-0.4059	0.4204	3	227	465	29	2020.7586	6.5517	0.6855
18996	family involvement	0.7634	0.7062	2	70	170	83	2019.9157	13.1566	1.2728
19043	family medicine	-0.3286	-0.8115	1	252	693	41	2019.4878	6.9024	0.6143
19099	family ownership	0.8189	0.682	2	75	168	114	2020.3158	13.8158	1.4938
19116	family planning	-0.9237	0.188	5	238	705	35	2018.8286	13.2571	0.8677
19120	family planning services	-0.9301	0.2768	5	145	351	17	2018.0588	13.8824	0.8863
19128	family practice	-0.4033	-0.8618	1	244	689	39	2018.4872	10.8462	0.8455
19151	family relation	-1.0806	0.069	3	239	498	23	2019.3478	8.1304	0.6724
19152	family relations	-1.049	0.0621	3	147	262	16	2018.1875	7.875	0.5145
19193	family size	-0.4001	0.6893	2	410	1389	70	2019.2286	18.2429	1.3754
19215	family structure	0.2734	0.5954	2	284	631	86	2020.0581	10.5	1.0168
19217	family study	-0.6006	-0.3977	1	165	296	21	2016.619	21.8571	1.306
19340	family-owned business	0.8427	0.4856	2	91	162	56	2020.3036	8.2143	0.9338
19538	farmers	-0.2221	0.7086	2	202	407	33	2020.8485	8.6364	0.8004
19581	farming system	0.2769	0.5219	2	136	217	40	2020.25	14.1	1.2777
19594	farms	0.0634	0.4969	2	172	349	41	2020.5854	5.5122	0.6916
19637	father	-1.1074	0.2877	3	128	242	13	2019.1538	9.4615	0.6618
19644	fatigue	-0.8569	-0.2345	3	203	348	16	2019.375	13.5625	0.8163
19679	fear	-0.8084	0.3996	3	169	306	14	2021.1429	8.9286	1.0153
19689	feasibility study	-0.7049	-0.3801	1	183	299	17	2020.1176	30.1765	2.1819
19699	feature extraction	1.0654	-0.53	4	100	192	31	2020.6452	18.6452	1.948
19778	female	-0.718	0.0042	3	804	13201	699	2019.6981	12.392	1.0199
20045	finance	0.5736	0.2391	2	322	599	104	2020.2404	7.6635	0.9802
20107	financial crisis	0.1768	0.1368	2	141	183	31	2020.2581	15.7097	1.779
20181	financial management	-0.2728	-0.1742	1	308	647	52	2019.1923	10.2308	0.8087
20201	financial performance	0.7148	0.646	2	112	202	82	2019.9268	12.5854	1.4177
20390	firm ownership	0.5896	0.6692	2	140	335	51	2019.7843	15.3333	1.637
20393	firm performance	0.863	0.6565	2	97	257	129	2020.4651	17.9535	1.7106
20407	firm size	0.6632	0.6768	2	125	302	55	2020.0727	22.0545	2.0159
20697	focus groups	-0.7307	-0.0984	1	318	717	34	2020.2059	5.7353	0.4733
20714	follow up	-0.761	-0.2243	3	308	685	35	2020.0857	25.0286	1.7735
20723	food	0.0029	0.2633	2	244	392	33	2020.1515	7.9697	0.6749
20784	food industry	0.2306	0.3024	2	219	325	34	2019.9118	12.9412	1.3958
20786	food insecurity	-0.2779	0.5386	2	139	254	18	2021.1667	5.6111	0.9025
20843	food security	-0.0331	0.5761	2	289	653	59	2020.0169	13.0339	1.141
20855	food supply	0.1148	0.3791	2	282	631	56	2019.2857	23.7679	1.7683
20942	forecasting	0.9082	-0.3787	4	371	1427	208	2019.9231	19.1106	1.7394
21050	forestry	0.7155	-0.0286	4	235	407	61	2019.9672	17.6066	1.641
21359	friend	-0.6613	-0.0247	3	259	534	29	2019.5172	12.3448	1.1685
21500	funding	-0.3419	-0.5272	1	251	466	27	2018.8889	12.6667	0.9228
21567	future prospect	0.386	0.362	2	125	170	22	2020.8636	21.5455	3.4501
21877	gender	-0.043	0.5049	2	524	1869	373	2019.9517	14.1233	1.4234
21933	gender identity	-0.1731	0.0891	1	177	268	23	2019.2609	26.3043	1.7651
21968	gender relations	0.079	0.7247	2	115	183	23	2020.4348	13.3478	2.3929
21970	gender role	0.1874	0.7156	2	102	170	29	2019.2759	15.7586	1.7252
22071	general practice	-0.4422	-0.8631	1	254	752	44	2018.8182	9.7955	0.7638
22074	general practitioner	-0.3419	-0.7488	1	324	916	48	2019.4583	9.625	0.8331
22191	genetic algorithms	1.068	-0.1344	4	83	161	42	2019.8095	9.0952	0.9707
22225	genetic transcription	-0.6288	0.0422	1	128	251	13	2019.4615	12.6923	1.0545
22230	genetics	-0.5455	0.3933	2	174	473	45	2018.7111	22.1333	1.7589
22289	geographic distribution	-0.505	0.572	3	151	247	13	2019.7692	30	2.212
22383	germany	0.078	0.1464	2	263	466	63	2019.8254	8.4921	1.0887
22403	ghana	-0.1113	0.5585	2	263	483	75	2020.0133	12.6267	1.0288
22521	global health	-0.1983	-0.3033	1	168	281	16	2020.0625	42.5	2.5538
22591	globalization	0.5193	0.5129	2	131	219	51	2020.0196	14.9608	1.845
22704	google analytics	1.2375	-0.2233	4	111	231	43	2020.3721	2.4419	0.2854
22733	governance	0.5101	0.3662	2	131	241	89	2019.6404	7.236	0.6948
22734	governance approach	0.5082	0.6555	2	144	279	46	2020.0652	16.9348	1.7872
22758	government	-0.1908	0.1493	2	526	1532	111	2020.009	18.1892	1.6452
23159	grounded theory	-0.129	0.0043	3	156	251	36	2020.5	9.1389	0.8004
23592	health	0.0262	-0.0817	3	448	1024	88	2019.0341	18.25	1.1966
23605	health auxiliary	-0.8717	0.2119	5	136	215	9	2019.6667	7.4444	0.7629
23606	health behavior	-0.7588	0.1277	3	306	699	27	2019.2222	10.1852	0.7611
23613	health care	0.1863	-0.2558	1	415	764	70	2019.7429	8.0286	0.7045
23614	health care access	-0.6522	-0.3188	1	344	777	33	2020.6364	18.3939	1.4303
23619	health care cost	-0.4897	-0.3347	1	325	741	39	2019.4615	21.8974	1.5709
23621	health care delivery	-0.6151	-0.4537	1	461	1573	83	2019.0482	11.0361	0.8899
23623	health care disparity	-0.3269	-0.1902	1	180	255	8	2021.375	4.75	0.6121
23624	health care facility	-0.795	-0.1754	1	286	653	31	2020.3226	11.6452	1.0852
23628	health care management	-0.3521	-0.242	1	165	233	12	2020.3333	15.1667	1.1739
23630	health care need	-0.8876	-0.2469	1	176	289	13	2019.8462	20.8462	1.7061
23631	health care organization	-0.3464	-0.5845	1	231	417	21	2019.5238	13.1429	0.881
23632	health care personnel	-0.7209	-0.2522	1	532	1819	82	2019.8415	19.122	1.4522
23634	health care planning	-0.6768	-0.4176	1	328	665	30	2019.0333	15	1.0057
23635	health care policy	-0.4633	-0.3147	1	432	1107	58	2018.8276	25.5172	1.6692
23639	health care quality	-0.3992	-0.6615	1	338	842	44	2018.5455	16.25	1.2918
23646	health care system	-0.4728	-0.4317	1	290	593	34	2019.8824	11.3529	1.0699
23648	health care utilization	-0.858	-0.5326	1	160	325	16	2021.0625	9	0.7975
23651	health center	-0.329	-0.6275	1	219	385	14	2019.4286	5.9286	0.5726
23662	health disparity	-0.1982	-0.1431	1	234	349	14	2019.4286	10.6429	0.8025
23664	health education	-0.5324	0.0438	3	292	553	28	2020.3214	6.3929	0.5041
23672	health equity	-0.1976	-0.3634	1	198	295	13	2020.1538	7.6923	0.847
23682	health hazard	-0.1168	-0.1579	3	133	195	11	2019.6364	19.8182	1.3838
23702	health insurance	-0.4102	-0.1966	1	361	845	46	2019.0435	12.4783	0.9558
23710	"health knowledge, attitudes, practice"	-0.958	0.443	3	320	964	38	2018.8684	12.5	0.8546
23712	health literacy	-0.7183	-0.336	1	140	210	15	2020.4	5.8667	0.5233
23721	health personnel	-0.8422	-0.3905	1	287	685	28	2018.7143	21.3214	1.5919
23722	health personnel attitude	-0.7321	-0.7578	1	202	496	23	2019	16.3913	1.4616
23727	health policy	-0.3213	-0.2605	1	308	594	27	2019.963	20	1.5481
23734	health program	-0.5866	-0.5237	1	161	282	16	2020.5625	15	1.1618
23736	health promotion	-0.5415	-0.3214	1	368	1103	57	2019.2632	8.0351	0.5958
23757	health service	-0.7327	-0.2	1	380	1053	50	2018.62	25.62	1.6064
23759	health services	-0.2858	-0.0342	1	230	397	24	2020.4167	15.8333	1.4725
23760	health services accessibility	-0.7349	-0.534	1	211	443	23	2019.087	11.4783	0.7767
23765	health services research	-0.4598	-0.4751	1	126	197	11	2018	9.3636	0.6783
23771	health status	-0.6469	0.2359	3	390	979	44	2019.3409	12.5909	1.0493
23777	health survey	-0.6641	0.2748	3	396	1099	46	2019.5217	13.8913	1.1155
23778	health surveys	-0.8833	0.6309	3	140	276	12	2018.3333	16.6667	1.1669
23806	healthcare	0.6785	-0.2478	4	115	167	34	2020.2647	13.1471	1.7841
24262	high risk population	-0.8239	0.5236	3	140	233	10	2019.8	17	1.3107
24345	higher education	0.7017	0.1303	4	101	170	73	2020.4384	9.5342	0.8654
24403	hispanic	-0.3978	-0.4408	1	159	219	9	2020.7778	5.4444	0.6748
24469	history	-0.1428	-0.1294	1	240	381	46	2018.6957	27.9565	1.6355
24517	hiv infections	-1.0035	0.3833	5	147	333	14	2019.6429	8.8571	0.7669
24574	home care	-0.4312	-0.6222	1	194	332	20	2019.75	8.35	0.7146
24731	hospice	-0.4628	-0.6222	1	127	186	9	2018.8889	7.7778	0.7603
24741	hospital	-0.7634	-0.5868	1	209	480	31	2018.6774	17.7419	1.2966
24744	hospital admission	-0.9394	-0.2683	1	191	322	13	2019.6923	10.7692	1.4507
24784	hospitality	0.7103	0.3338	2	113	175	48	2021	21.7917	2.1333
24798	hospitalization	-0.9235	-0.3605	1	142	239	12	2020.5833	13.0833	0.97
24801	hospitals	0.0924	-0.3986	1	175	291	26	2020.6538	3.6923	0.3905
24899	household	-0.2531	0.454	2	466	1345	76	2020.2632	15.3289	1.2631
24942	household income	-0.0165	0.6534	2	244	480	42	2020.0238	13.881	1.2696
24986	housing	0.2251	0.0184	2	348	682	83	2020.0482	9.9639	0.8965
25088	human	-0.4647	-0.1232	1	903	21373	1357	2019.7281	14.818	1.1768
25110	human capital	0.5504	0.5659	2	147	245	74	2019.8378	12.1622	1.0102
25126	human computer interaction	0.8337	-0.2443	4	129	182	36	2018.6389	21.4722	1.5863
25140	human experiment	-0.2563	-0.0737	3	626	2920	164	2020.0854	12.4939	1.0668
25156	human immunodeficiency virus infection	-0.7736	0.0946	5	203	430	16	2020.4375	10.6875	1.0043
25204	human relation	-0.5796	-0.0553	3	285	562	26	2018.1538	17.8462	1.3919
25212	human resource management	0.7264	0.0303	4	276	598	120	2019.5583	9.9	0.8216
25248	human tissue	-0.6617	-0.154	1	185	386	21	2020.3333	24.2857	1.9933
25287	humans	-0.5903	-0.1064	1	855	16655	963	2019.5431	16.1028	1.2531
25735	immigrant	-0.2446	0.3414	2	198	350	37	2019.2432	11.2703	0.8256
25964	incidence	-0.8347	0.1055	3	171	286	15	2020.6667	11.6	0.8362
25997	income	-0.3541	0.5404	3	466	1440	105	2019.7238	15.5905	1.1118
26119	india	0.1512	0.4064	2	417	937	198	2020.0707	13.2929	1.2972
26204	indigenous people	-0.0804	-0.3427	1	153	192	14	2020.0714	9.5714	0.8548
26280	indonesia	0.451	0.4059	2	206	321	108	2020.7685	6.3056	0.6605
26356	industrial development	0.5026	0.6096	2	115	191	31	2020.5161	9.0323	1.0354
26368	industrial enterprise	0.4005	0.6245	2	149	250	45	2019.3333	13.7111	1.1163
26403	industrial performance	0.6308	0.6503	2	129	281	40	2019.7	24.6	1.8541
26422	industrial research	0.9404	0.0868	4	134	209	35	2020.2857	15.4857	1.6186
26467	industry	0.107	0.3183	2	210	359	40	2019.675	12.65	1.0654
26469	industry 4.0	1.0557	0.1806	4	123	237	54	2021.2593	18.7963	1.8399
26529	inequality	-0.072	0.3188	2	126	173	27	2020.1852	23.3333	1.8836
26534	infant	-1.0585	-0.117	3	435	1548	70	2019.2571	10.5286	0.809
26546	"infant, newborn"	-0.9807	-0.3274	1	285	753	32	2018.3438	12.625	0.9307
26558	infection control	-0.7434	0.4618	3	205	360	13	2020.2308	27.1538	2.1683
26559	infection prevention	-0.8262	0.4717	3	165	283	11	2020.5455	21.3636	1.8022
26562	infection risk	-0.7428	0.5408	3	163	263	9	2019	22	1.5283
26696	informal sector	0.1761	0.4935	2	155	255	51	2019.8039	11.0784	0.9381
26724	information analysis	1.1568	-0.1104	4	148	439	66	2019.5152	17.4697	1.5192
26761	information dissemination	0.1885	-0.4257	1	182	288	21	2019.3333	25.7143	1.6863
26789	information management	1.0026	0.002	4	354	1356	204	2019.1961	9.4118	0.7762
26802	information processing	-0.5101	-0.2284	1	461	1198	56	2019.2679	10.8036	0.8311
26813	information retrieval	0.4299	-0.4453	1	159	216	19	2020.1579	9.8421	0.9284
26815	information science	0.8925	-0.4736	4	108	183	22	2016.2727	14.5909	0.7832
26838	information systems	1.2235	-0.1076	4	231	782	134	2019.0448	4.8806	0.4316
26848	information technology	0.5668	0.0766	4	119	153	27	2019.7407	5.2222	0.4987
26862	information use	1.2109	-0.0767	4	221	718	109	2019.8073	3.2752	0.357
26978	innovation	0.7195	0.4509	2	382	1454	411	2020.219	17.4063	1.7299
27294	insurance	0.3217	-0.3983	4	234	401	46	2020.1739	8.9783	0.7511
27417	integration	0.2696	-0.0173	4	176	217	30	2020.2667	8.4	0.7451
27531	intelligent systems	1.2707	-0.3938	4	107	211	30	2020.1	12.3	2.0088
27549	intensive care unit	-0.6809	-0.5628	1	147	223	13	2020.3077	6	0.7042
27562	intention	-0.0777	0.4679	3	146	275	23	2019.913	12.2174	0.9128
27875	international cooperation	-0.2524	-0.1456	1	176	247	19	2017.6316	25.8947	1.6901
27959	international trade	0.6734	0.3148	2	94	121	28	2019.9643	18.6786	1.9845
27970	internationalization	0.8762	0.6205	2	86	258	127	2020.3701	19.6457	1.8386
27987	internet	0.3068	-0.2255	4	424	939	101	2019.0495	16.6139	1.5664
28024	internet of things	0.9725	-0.2293	4	236	715	136	2020.3235	18.2941	1.9668
28064	internship and residency	-0.5137	-0.892	1	106	206	14	2019.4286	7.4286	0.5341
28069	interpersonal communication	-0.7464	-0.4731	1	328	868	46	2019.1304	16.5435	1.2504
28073	interpersonal relations	-0.4516	0.2804	3	176	288	15	2018	21.2	1.8212
28120	intervention	-0.9289	-0.1883	1	130	205	21	2019.381	11.8095	0.9457
28134	interview	-0.5125	-0.1479	1	605	2579	132	2019.8636	11.4697	0.9196
28138	interviews as topic	-0.7839	-0.2765	1	324	760	33	2018.8485	9.4848	0.6893
28266	investment	0.0723	0.218	2	391	846	95	2019.9684	16.9368	1.5294
28310	investments	0.8906	0.1787	4	256	607	100	2020.28	12.87	1.5346
28499	isolation and purification	-0.7097	0.5986	3	135	233	11	2019.3636	27.6364	2.3748
28585	italy	0.2719	0.4791	2	249	491	89	2019.3034	18.6067	1.6244
28647	japan	-0.1828	0.2745	2	247	421	46	2019.6087	18.8043	1.2899
28804	job satisfaction	-0.0705	-0.0513	3	262	641	85	2019.3294	23.0118	1.6496
28815	job stress	-0.6869	-0.2976	3	118	196	13	2018.9231	8.3846	0.5846
28929	juvenile	-0.8311	-0.0871	3	145	268	16	2021.5625	3.9375	0.4892
28949	k-means clustering	1.3647	-0.3139	4	102	281	42	2020.8095	6.6667	0.6892
29052	kenya	-0.2932	0.3981	2	218	378	29	2019.7931	8.4483	0.678
29211	knowledge	-0.0424	0.3533	2	347	748	81	2020.2099	11.1358	1.2605
29227	knowledge based systems	1.0591	-0.0688	4	94	151	27	2019.037	15.5556	1.332
29273	knowledge management	0.8878	0.0447	4	200	432	96	2020.0417	11.1667	1.4901
29501	labor market	0.0175	0.5793	2	174	298	49	2019.9592	8.5918	0.8001
29669	land use	0.3525	0.0996	2	105	146	25	2018.8	8.48	0.658
29720	language	-0.2625	-0.4668	1	208	303	24	2020.25	11.0833	0.914
29753	language processing	1.4932	-0.5039	4	71	190	21	2022.5714	3.9048	0.6312
29791	large dataset	0.6444	-0.5187	4	138	210	19	2020.1579	13.1579	1.1151
29906	latin america	0.0909	0.6829	2	150	213	48	2020.0417	18.0625	2.1379
29938	law	-0.1782	-0.0565	5	172	275	26	2020.5	11.9615	0.939
30007	leadership	-0.0969	-0.2923	1	489	1603	178	2020.2247	7.8202	0.6625
30083	learning	-0.1741	-0.2486	1	267	483	55	2019.6182	13.6545	1.2087
30086	learning algorithms	1.3388	-0.4594	4	218	1098	118	2020.5339	28.9492	1.8994
30141	learning systems	1.2026	-0.4654	4	263	1411	175	2020.0057	15.7771	1.2671
30257	legislation and jurisprudence	-0.4087	-0.3387	1	211	407	29	2017.5517	60.6897	3.7505
30271	leisure	-0.5899	0.3928	3	184	277	19	2019.8421	12.4211	0.9748
30292	length of stay	-0.4133	-0.5361	1	206	308	12	2021.1667	3.6667	0.4177
30449	life cycle	0.935	-0.0108	4	204	402	80	2020.0375	12.725	1.2683
30486	life satisfaction	-0.2207	0.2109	3	128	192	29	2020.5517	11.0345	1.0762
30523	lifestyle	-0.3791	0.0833	3	316	589	43	2019.7442	9.8372	0.9026
30710	literacy	-0.4954	0.1512	3	250	435	27	2021.037	11.7037	1.1541
30720	literature review	0.6581	0.4164	2	216	451	116	2020.3621	31.5517	3.0856
30721	literature reviews	1.0895	0.1249	4	120	228	36	2019.7778	18.9722	1.496
30749	livelihood	0.2639	0.6677	2	174	387	64	2020.7031	8.0625	0.9406
30779	livestock	-0.0933	0.6299	2	161	259	22	2020.4091	9.7727	0.7693
30948	location	0.9489	-0.3728	4	96	146	31	2019.1935	11.5484	0.8369
30990	lockdown	-0.8508	0.412	3	167	295	20	2021.5	13.3	1.4715
31044	logistic regression	1.0285	-0.3404	4	143	292	46	2020.5217	6.0435	0.6667
31048	logistic regression analysis	-0.2646	0.3056	3	148	223	10	2020.2	3.3	0.2678
31104	long short-term memory	1.1478	-0.533	4	83	167	24	2022.2917	14.7083	2.384
31185	longitudinal studies	-0.5674	0.1231	3	138	269	15	2018.9333	11.2667	0.9769
31186	longitudinal study	-0.4099	0.0242	3	224	437	30	2019.5	10	0.8967
31318	lowest income group	-0.3577	0.0352	1	250	486	20	2019.95	17.15	1.1826
31456	machine learning	1.0861	-0.4502	4	444	2855	431	2021.2529	17.9907	1.9057
31459	machine learning algorithms	1.3693	-0.514	4	103	242	28	2021.9286	5.0357	0.7384
31470	machine learning models	1.3308	-0.5236	4	76	166	22	2021.0455	5.5909	0.4417
31474	machine learning techniques	1.2474	-0.5261	4	114	281	35	2019.9714	11.0571	0.9136
31485	machine-learning	1.3674	-0.3909	4	218	1152	138	2022.7609	8.6449	1.2019
31588	major clinical study	-0.8876	0.0013	3	648	4096	198	2020.2222	11.0606	1.0155
31624	malaysia	0.1238	0.6294	2	170	267	74	2019.7973	10.6757	0.8588
31632	male	-0.7578	-0.0052	3	779	11321	582	2019.768	12.2096	0.9943
31667	malignant neoplasm	-0.4865	-0.3914	1	179	272	11	2020.7273	56.8182	3.9162
31670	malnutrition	-0.4394	0.2354	3	165	246	11	2019.6364	30.7273	1.8863
31687	malware	1.112	-0.5263	4	82	252	63	2020.5873	15.3333	1.8705
31725	management	0.4197	0.096	2	295	582	121	2019.7603	16.5207	1.2792
31816	management practice	0.6042	0.5549	2	92	149	27	2020.3333	6.8148	0.7296
31852	manager	-0.0589	-0.2117	3	253	521	34	2020.0294	15.9706	1.1687
31908	managers	0.9268	0.1547	4	158	281	56	2018.75	23.1071	1.5089
31960	manpower	-0.7279	-0.6296	1	150	243	13	2016.3846	10.9231	0.6398
31971	manufacture	1.0112	0.0965	4	141	294	75	2019.1067	22.1733	1.8941
31977	manufacturing	0.6868	0.3823	2	184	328	53	2020.4906	8.7547	1.1111
32132	market	0.0054	0.2166	2	223	380	41	2018.9268	7.4146	0.651
32258	marketing	0.8905	-0.237	4	688	5454	836	2019.9904	13.6974	1.3119
32267	marketing analytics	1.2231	-0.0045	4	140	323	122	2021.1393	17.3197	1.8109
32297	marketing campaign	1.4225	-0.3683	4	110	285	43	2019.6744	10.4419	0.8832
32327	marketing decision	1.3847	-0.2054	4	83	182	24	2019.3333	14.9583	1.1173
32446	marketing strategy	1.2861	-0.2068	4	260	1120	151	2020.947	8.8543	0.8143
32508	marriage	-0.5802	0.3306	3	308	686	55	2019.6909	8.0727	0.639
32525	married person	-0.8294	0.3206	5	125	217	11	2018.8182	11.7273	0.7834
32568	mass screening	-0.9043	-0.4008	1	157	312	14	2018.7857	9.2143	0.6158
32669	maternal welfare	-0.8909	0.0554	3	147	226	12	2019.75	16.3333	1.2528
32959	medical care	-0.2723	-0.2334	1	158	211	11	2019.0909	5.3636	0.3712
32962	medical computing	0.1389	-0.5005	1	139	165	12	2019.3333	21.3333	1.4897
32980	medical education	-0.3833	-0.7796	1	247	549	34	2018.9706	8.8824	0.6364
32999	medical informatics	0.1315	-0.6082	1	166	240	14	2019.5714	137.5	7.2528
33000	medical information	-0.6583	-0.3703	1	163	288	16	2020.6875	15.5625	1.2663
33026	medical research	-0.1458	-0.4938	1	242	469	27	2018.4074	18.7407	1.3703
33028	medical school	-0.49	-0.8225	1	121	221	12	2018.6667	16.0833	1.0832
33034	medical society	-0.5554	-0.5543	1	133	217	15	2018.3333	7.2	0.5996
33040	medical student	-0.5452	-0.6609	1	168	295	14	2018.8571	11.9286	1.0303
33080	medicine	0.097	-0.4579	1	172	273	24	2019	6.5	0.4811
33135	medline	-0.1357	-0.5247	1	202	312	13	2020.7692	11.7692	1.3907
33238	mental disease	-0.5263	-0.0248	3	248	502	25	2019.4	12.48	0.9383
33241	mental disorders	-0.3955	-0.1425	3	159	270	17	2018.8824	20.4118	1.2313
33243	mental health	-0.5662	0.0462	3	460	1403	98	2020.7959	13.3776	1.3131
33256	mental health service	-0.9127	-0.1112	3	236	476	22	2019.2727	22.0455	1.6502
33258	mental health services	-0.8987	-0.1451	3	159	266	13	2019.1538	33.6923	2.1654
33274	mental stress	-0.9678	-0.0522	3	201	371	17	2018.8235	74.9412	4.073
33290	mentor	-0.5687	-0.3532	1	124	194	10	2019.8	9.9	0.9395
33397	metabolism	-0.5319	0.611	2	76	169	18	2017.6111	47.8333	3.312
33404	metadata	1.2034	0.0464	4	175	464	58	2021.1379	7.8966	1.0602
33471	methodology	-0.0788	-0.4112	1	288	490	38	2019.3158	20.1316	1.8427
33512	mexico	0.1682	0.7405	2	126	185	39	2019.3846	8.1538	0.6207
33652	microenterprise	-0.0501	0.5452	2	128	196	20	2019.75	19	1.3756
33722	middle aged	-0.7856	0.1857	3	654	4279	188	2019.2287	14.8777	1.1079
33776	migrant	-0.6763	0.3702	3	239	504	28	2020.0714	7.1786	0.5981
33796	migrant worker	-0.4483	0.5499	3	162	255	16	2020.125	6.75	0.5666
33807	migration	-0.4109	0.5953	3	296	688	101	2019.6733	8.3861	0.7817
33953	mining	0.4659	0.2038	2	109	131	20	2020.55	13.05	1.1714
34159	mobile application	0.0463	-0.3536	1	145	219	20	2020.6	17.1	1.4247
34162	mobile applications	0.38	-0.3026	4	191	319	45	2019.8222	9.2444	0.7668
34227	mobile phone	0.0853	-0.1907	1	131	174	19	2019.5263	26.3158	2.208
34301	model	-0.1162	-0.4104	1	297	546	45	2018.7111	20.5333	1.3355
34382	modeling	0.4547	0.11	4	116	140	25	2020.64	11.04	0.9327
34431	"models, organizational"	-0.483	-0.7044	1	132	192	8	2016.25	25.5	1.4303
34434	"models, theoretical"	-0.1059	0.2758	3	160	228	11	2018.1818	29.2727	1.9702
34592	monitoring	0.2471	-0.1577	4	196	255	23	2019.0435	20.3913	1.6851
34692	morbidity	-0.8268	-0.1901	3	158	232	12	2019.3333	9.6667	0.6888
34713	mortality	-0.7824	-0.0968	3	236	448	24	2019.5833	12.2083	0.9512
34742	mother	-1.0476	0.1623	3	248	574	30	2019.2667	14.4667	1.2756
34751	mothers	-1.1375	0.1607	3	168	360	19	2018.6842	21.6842	1.9157
34766	motivation	0.0016	-0.0055	2	361	889	116	2019.6466	9.1724	0.7938
35045	multicenter study	-1.076	-0.345	1	219	448	18	2019.3333	22.8333	1.847
35310	multivariant analysis	0.6472	0.1364	4	140	189	16	2020.875	11.6875	1.1817
35313	multivariate analysis	-0.5019	0.091	1	165	268	14	2019.3571	9.7857	0.986
35533	narrative	-0.4619	-0.2481	1	182	304	22	2020	15.8182	1.4095
35590	national health service	-0.773	-0.6436	1	122	206	12	2020.3333	8.0833	0.7555
35680	natural language processing	1.4416	-0.4347	4	112	360	55	2020.6545	17.9455	1.6498
35682	natural language processing systems	1.4104	-0.4529	4	122	414	51	2019.7255	13.5294	0.9693
35686	natural languages	1.45	-0.5014	4	77	207	22	2022.3182	6	0.8361
35789	needs assessment	-0.8256	-0.6702	1	162	255	11	2017.0909	16	1.0193
35812	neighborhood	-0.1752	-0.009	1	190	274	24	2019.4167	10.3333	0.9115
35870	neoplasm	-1.0377	-0.4111	1	191	448	22	2020.4545	20.1364	1.8754
35873	neoplasms	-1.0124	-0.4488	1	198	478	25	2020	21.96	1.9167
35878	nepal	-0.2166	0.4638	2	157	238	22	2018.7727	14.5455	1.1245
36006	network security	1.0519	-0.4248	4	103	214	50	2020.1	12.54	1.6475
36056	neural networks	1.0932	-0.3614	4	136	338	54	2020.1667	14.1852	1.7218
36061	neural-networks	1.1983	-0.5199	4	104	198	24	2022.625	10.6667	2.3352
36241	new zealand	-0.0406	0.0574	2	187	265	34	2019.7941	9.9706	0.951
36248	newborn	-1.018	-0.2595	1	349	1010	43	2018.7907	10.4186	0.8027
36353	nigeria	-0.34	0.4083	5	289	605	68	2020.3382	6.1471	0.5808
36451	non insulin dependent diabetes mellitus	-0.3945	-0.3871	1	153	213	8	2021.625	8.375	0.9716
36455	non profit organization	-0.4133	0.1289	1	147	224	12	2019.5	31.1667	2.4664
36615	nonbiological model	-0.4578	-0.7169	1	132	192	8	2016.25	25.5	1.4303
36653	nonhuman	-0.2019	0.367	2	339	1000	91	2019.4396	22.956	1.8165
36712	normal human	-0.5577	-0.1386	3	143	194	8	2020.375	5	0.6152
36780	norway	-0.1464	0.1655	2	156	199	17	2019.2941	12.3529	1.0075
36797	note	-0.7635	-0.1369	3	189	304	19	2019	12.2105	1.0611
36845	nuclear family	-0.9176	0.5164	3	135	200	9	2019.8889	11.6667	0.9049
36888	numerical model	0.5241	0.2435	2	181	271	35	2020.2857	30.0857	2.8955
36895	nurse	-0.385	-0.5775	1	226	463	28	2019.1786	6.6429	0.5291
36919	nursing	-0.2232	-0.4968	1	255	459	28	2019.5714	10.8929	0.7336
36923	nursing care	-0.7273	-0.7975	1	114	190	11	2018.3636	11.4545	0.6621
36930	nursing home	-0.3081	-0.4291	1	131	201	10	2021.1	11.4	1.0789
36963	nutrition	-0.2498	0.1321	2	283	541	37	2020	11.7568	0.991
36984	nutritional status	-0.4954	0.5284	3	186	358	17	2019	21.1176	1.7218
37020	obesity	-0.7422	0.0364	3	257	595	33	2018.5152	14.6667	0.9525
37087	occupation	-0.6191	0.5731	3	347	877	48	2020.0625	7.7708	0.6426
37099	occupational exposure	-0.312	0.2958	3	173	314	20	2018.85	15.05	1.1955
37104	occupational health	-0.464	0.1145	3	292	720	43	2019.2326	12.4186	0.9501
37134	occupations	-0.6951	0.7368	3	136	235	9	2020.1111	10.7778	0.8698
37524	online marketing	1.2857	-0.1229	4	97	169	29	2019.8621	12.2069	1.627
37593	online systems	1.0744	-0.3253	4	96	166	28	2018.75	10.5714	0.8831
37882	optimisations	1.1163	-0.2823	4	119	214	33	2022.6667	1.6667	0.572
37884	optimization	0.9585	-0.0815	4	175	338	58	2019.9828	10.2931	1.3231
38050	organization	-0.1843	-0.4331	1	386	987	77	2019.1039	28.7143	1.8195
38052	organization and management	-0.6694	-0.4542	1	538	2323	121	2017.8017	17.5289	1.1058
38106	organizational culture	0.0049	-0.2996	1	204	404	59	2019.4746	29.7119	1.81
38315	outcome assessment	-0.8869	-0.1915	3	406	1130	51	2020	14.6667	1.1751
38338	outpatient	-0.3958	-0.6191	1	121	193	11	2020.6364	1.7273	0.1344
38341	outpatient department	-0.8084	-0.6143	1	136	218	10	2018.3	6.3	0.39
38454	ownership	0.5416	0.6899	2	173	408	102	2019.7451	11.2549	1.1401
38594	pakistan	0.1541	0.5907	2	169	283	55	2020.1818	14	1.425
38610	palliative care	-0.9376	-0.6162	1	199	568	32	2019.2812	10.6875	0.8654
38615	palliative therapy	-1.0021	-0.6174	1	212	625	30	2019.3	11.1333	0.9054
38643	pandemic	-0.5084	0.3018	3	509	1956	148	2021.9932	13.3851	1.5316
38655	pandemics	-0.7372	0.3288	3	385	1232	64	2021.5938	17.8125	1.6755
38786	parent	-0.8671	-0.086	3	145	215	11	2021	4.4545	0.3791
38844	parents	-0.9308	-0.0119	3	203	452	36	2020.6111	11.3333	0.9415
38980	partner violence	-0.6967	0.3241	3	121	193	8	2018.375	19	1.1286
39106	pathology	-0.5665	-0.003	1	138	225	14	2018.5	20.7143	1.7866
39112	patient acceptance of health care	-1.0411	0.2159	5	164	337	14	2018.1429	16.2143	0.9904
39120	patient attitude	-1.0123	0.1675	5	178	367	16	2018.0625	16.125	1.0051
39122	patient care	-0.5805	-0.7471	1	364	1006	53	2018.7358	15.1132	1.06
39131	patient compliance	-0.7961	-0.2253	1	147	209	9	2019.6667	8.5556	0.6574
39166	patient referral	-0.8083	-0.5226	1	261	572	25	2020.28	8.84	0.8469
39171	patient safety	-0.5089	-0.638	1	168	307	19	2019.2632	14.5789	1.0441
39172	patient satisfaction	-0.5966	-0.8264	1	137	231	13	2018.5385	17.1538	1.0719
39185	patient-centered care	-0.537	-0.8141	1	159	295	17	2017.1765	21.4706	1.1954
39374	pediatrics	-0.7208	-0.6751	1	189	390	22	2019.7727	11.1364	0.9955
39381	peer group	-0.6861	-0.2113	1	125	192	9	2020.8889	4.4444	0.6102
39424	pension	-0.1011	0.0914	3	119	187	11	2020.2727	46.7273	2.6588
39529	perception	-0.1468	0.1132	2	516	1585	132	2020.1288	11.5227	1.1828
39564	performance	0.8928	0.3574	2	263	692	216	2020.0741	16.162	1.4882
39574	performance assessment	0.5894	0.5245	2	135	211	29	2021	17.8276	1.4351
39750	personal experience	-1.011	-0.1485	3	273	572	27	2019.8519	9.2963	0.7974
39847	personalizations	1.4034	-0.2933	4	95	198	30	2021.1667	3.3667	0.8118
39862	personalized medicine	-0.2922	-0.6625	1	112	168	10	2017.5	28	1.8408
39881	personnel	0.4593	-0.0902	4	215	351	60	2019.7167	8.1833	0.7226
39888	personnel management	-0.333	-0.6896	1	166	269	16	2018.6875	11.75	0.9891
39899	personnel training	0.8346	-0.025	4	118	183	33	2018.4242	7.1515	0.7318
40000	pharmacist	-0.7079	-0.7061	1	141	211	13	2020.1538	7.6154	0.7893
40073	philosophy	-0.0232	-0.4821	1	125	191	18	2019.4444	17.2222	1.2005
40139	physical activity	-0.576	0.085	3	308	714	35	2019.1714	9.8	0.7175
40202	physician	-0.6527	-0.5975	1	382	1144	64	2019.3906	8.9844	0.7629
40214	physicians	-0.6569	-0.7255	1	186	364	21	2018.2857	13.0476	0.9383
40216	"physicians, family"	-0.44	-0.8236	1	131	254	12	2018.3333	8.8333	0.6791
40236	physiology	-0.5067	0.2018	3	234	448	31	2018.1935	20.9355	1.4392
40292	pilot projects	-0.7445	-0.393	1	206	361	20	2019.55	23.95	1.6242
40294	pilot study	-0.8069	-0.3497	1	231	443	26	2019.6538	19.7308	1.3763
40374	planning	0.6522	0.0964	2	211	368	68	2018.5882	15.5882	1.2612
40547	"pneumonia, viral"	-0.8439	0.572	3	180	393	14	2020	56.5	4.3933
40584	poland	0.1052	0.1148	2	128	201	35	2020.1143	4.8	0.42
40601	policy	-0.1911	-0.2017	1	299	593	51	2019.4902	22.8431	1.5745
40629	policy making	0.2809	0.3105	2	183	236	30	2019.9333	15.8	1.6534
40867	population dynamics	0.1807	-0.1474	3	127	175	15	2018.1333	49.0667	2.8977
40881	population research	-0.6506	0.4739	3	144	200	9	2020.4444	21.4444	1.7364
40885	population statistics	0.7707	-0.1353	4	215	435	66	2019.6212	8.303	0.6571
41175	poverty	-0.3565	0.2928	2	470	1377	124	2019.2903	14.6694	1.1104
41176	poverty alleviation	0.2292	0.64	2	127	199	32	2019.75	12.875	1.1716
41199	power	0.9023	0.2288	4	120	166	44	2021.5227	7.0227	0.8453
41314	practice guideline	-0.5696	-0.4333	1	335	755	42	2019.381	13.3571	1.0211
41446	prediction	0.3546	-0.2083	4	274	540	52	2020.2308	21.9038	1.7807
41458	prediction model	1.1389	-0.6031	4	75	210	32	2019.9688	19.5625	1.3159
41482	predictive analytics	1.1938	-0.4219	4	310	2031	314	2020.5637	19.1783	1.8071
41496	predictive modeling	1.3325	-0.3552	4	100	201	28	2019.3929	12.2143	1.0733
41498	predictive models	1.2313	-0.4253	4	124	272	35	2020.6857	8.0571	1.339
41545	pregnancy	-0.7139	-0.0368	1	428	1279	71	2019.4789	9.9437	0.8339
41554	pregnant woman	-0.6279	-0.0409	1	133	234	11	2020.5455	9.7273	0.9004
41595	preschool child	-1.078	0.0064	3	404	1475	66	2019.2576	22.2424	1.6409
41598	prescription	-0.3131	-0.5695	1	229	358	20	2019.7	10.05	0.8974
41650	prevalence	-0.6702	0.1745	3	500	1843	90	2020	11.2222	1.0056
41654	prevention	-0.5799	-0.2943	1	220	378	26	2020.9231	8.6154	0.8347
41655	prevention and control	-0.7117	0.1289	3	418	1132	59	2020.1525	18.3051	1.6206
41723	primary care	-0.5667	-0.6036	1	155	251	15	2019.8667	7.9333	0.7342
41737	primary health care	-0.5381	-0.7319	1	323	903	46	2020.2174	20.0435	1.3242
41746	primary medical care	-0.4016	-0.7188	1	274	598	28	2020.7143	8.4643	0.8292
41774	principal component analysis	0.6363	0.0178	4	143	176	24	2021.125	4.875	0.5599
41819	priority journal	-0.5231	-0.1156	1	616	2448	142	2017.7183	36.6197	2.4335
41829	privacy	0.6261	-0.4366	4	192	338	55	2020.0364	26.8182	2.0164
41934	private sector	-0.1038	0.2427	2	259	461	44	2019.2955	10.5909	1.3748
42079	procedures	-0.526	-0.2773	1	625	3084	171	2018.8363	18.9825	1.3744
42141	process mining	1.0876	-0.2271	4	71	153	38	2019.5263	24.4211	1.963
42279	product design	1.0509	0.0131	4	169	475	115	2019.487	17.1652	1.609
42298	product families	1.1006	-0.0465	4	69	153	46	2019.4348	6.6522	0.7279
42515	productivity	0.2133	-0.0626	2	344	630	77	2019.6883	16.1299	1.6874
42593	professional practice	-0.528	-0.3834	1	152	209	10	2016	14.8	0.7967
42639	profit	-0.041	0.1273	2	158	261	29	2019.931	6	0.4957
42658	profitability	0.7736	0.2024	4	249	468	105	2020.1905	12.2762	1.2638
42671	program development	-0.4131	-0.4711	1	143	230	12	2016.75	11.8333	0.6726
42673	program evaluation	-0.6373	-0.4075	1	230	437	21	2018.0476	7.9048	0.5266
42716	project management	0.6874	0.0179	4	132	180	37	2019.973	6.8649	0.7174
42856	prospective studies	-0.9643	-0.3747	1	158	290	14	2020.2857	7.9286	1.1322
42857	prospective study	-0.9728	-0.4103	1	218	438	21	2020.1429	8.7619	1.127
42952	protocol compliance	-0.9182	0.0843	3	136	210	8	2021.125	8	0.9021
43098	psychology	-0.6752	0.0191	3	688	4361	231	2019.1558	17.1732	1.3456
43193	public health	-0.3259	-0.0176	3	578	1862	113	2020.0354	11.2212	1.0061
43241	public policy	0.1041	-0.0505	2	257	453	49	2019.898	23.8163	1.8626
43251	public relations	0.9934	-0.2712	4	253	682	80	2019.75	7.85	0.8373
43257	public sector	0.0084	0.3317	2	130	177	17	2020.1176	5.7059	2.176
43284	publication	-0.1835	-0.5201	1	165	263	17	2018.9412	10.4118	0.7267
43363	purchasing	0.4647	-0.3035	4	204	348	33	2020.2727	11.1515	1.4843
43470	qualitative	-0.296	0.1074	5	179	310	42	2020.0238	13.7143	1.1985
43471	qualitative analysis	-0.0606	0.2165	2	406	844	68	2020.2353	22.6618	1.7381
43501	qualitative research	-0.4885	-0.09	1	611	2696	178	2019.8708	11.3202	1.0482
43524	quality control	0.4702	-0.2041	4	332	568	63	2020.381	11.5714	1.317
43535	quality improvement	-0.7127	-0.5775	1	225	466	27	2019.4815	14.7407	1.0523
43559	quality of health care	-0.4748	-0.6641	1	206	428	22	2018.7273	17.3182	1.3796
43562	quality of life	-0.2933	0.0082	3	385	846	72	2020.0694	9.1389	0.7244
43599	quantitative analysis	0.0556	-0.0158	2	325	614	45	2020.6222	17.2889	1.4843
43636	quarantine	-0.9564	0.3883	3	166	307	12	2020.8333	46.1667	4.2829
43676	questionnaire	-0.6415	0.0918	3	610	3407	173	2019.9249	11.289	0.9982
43679	questionnaire survey	0.2359	0.5026	2	259	469	60	2019.8	12.9833	1.1771
43727	race	-0.2261	-0.3848	1	173	256	21	2020.7619	11.7619	1.0422
43840	random forest	1.2656	-0.5629	4	80	205	30	2021.3	12.4	1.4019
43851	random forests	1.2926	-0.5305	4	111	321	35	2021.3429	16.2571	2.3328
43868	randomized controlled trial	-0.9886	-0.0791	3	315	760	38	2019.0526	22.0263	1.4715
43869	randomized controlled trial (topic)	-0.8921	-0.3059	1	148	223	13	2020.4615	6.2308	0.733
44261	recommender systems	1.2004	-0.3776	4	71	137	27	2020.1111	7.037	0.7829
44338	recycling	0.2859	0.2207	2	147	218	27	2019.4444	41.4815	2.7365
44451	refugee	-0.1039	0.3353	2	122	181	22	2019.9091	16.2727	1.6965
44516	regional planning	0.8116	0.3188	2	137	280	39	2017.9487	9.2308	0.8164
44539	regression analysis	0.4579	0.0207	4	465	1031	125	2020.504	14.2	1.3073
44597	reimbursement	-0.5741	-0.7011	1	211	408	21	2019.619	17.619	1.5028
44716	relative	-0.816	-0.4544	1	138	225	11	2019.4545	6.6364	0.5105
44752	religion	-0.4637	0.0693	1	279	561	61	2019.918	13.9344	1.2039
44967	reproductive health	-0.8868	0.2606	5	169	320	16	2020	5.625	0.5409
45017	research	0.1602	0.0761	2	247	415	45	2019.6889	21.6222	2.5209
45041	research design	-0.2239	-0.5784	1	208	346	18	2019.8889	6.8889	0.5743
45113	research work	0.4739	0.4409	2	111	179	30	2020.6	25.2667	2.1266
45129	residence characteristics	-0.6987	0.4068	3	201	385	16	2019.6875	13.5	0.9137
45136	resident	-0.5239	-0.6916	1	198	384	22	2019.5455	9.1364	0.7434
45181	resilience	0.3085	0.5868	2	171	299	98	2020.949	12.2857	1.6863
45206	resource allocation	0.5302	-0.0869	4	171	251	32	2020.4062	11.0312	1.0269
45275	resource-based view	0.9628	0.5468	2	70	153	51	2020.2549	30.2353	2.6406
45342	responsibility	-0.4074	-0.2932	1	213	425	30	2019.6	7.5	0.5862
45362	restaurant	-0.2266	-0.1007	3	124	190	14	2020.1429	20.4286	1.5334
45447	retail stores	1.181	-0.262	4	103	196	28	2020.3571	17.0357	1.3322
45456	retailing	0.6196	0.1921	2	151	226	42	2019.8333	18.5952	1.5321
45476	retirement	-0.1722	0.2043	3	203	387	29	2019.8621	29.5517	1.9023
45492	retrospective studies	-1.0645	-0.2685	3	231	575	28	2020.2143	13.5714	1.3958
45493	retrospective study	-1.101	-0.2402	3	257	692	35	2020.3714	13	1.2595
45571	review	-0.3274	-0.2875	1	514	1636	127	2020.0079	29.7795	2.348
45686	risk	0.2545	0.1753	2	152	227	41	2019.6585	16.2439	1.2478
45692	risk assessment	0.0399	-0.1576	3	533	1308	106	2020.0472	8.3396	0.8557
45709	risk factor	-0.7235	0.2829	3	455	1559	79	2019.6329	13.8354	1.0613
45710	risk factors	-0.8185	0.2779	3	341	1007	53	2019.3208	14.6226	1.075
45713	risk management	0.5384	0.0062	4	209	338	75	2020.2533	8.7467	1.1756
45725	risk perception	0.3598	0.1633	2	128	188	29	2021.2759	8.2414	0.8501
46085	rural area	-0.1932	0.5704	2	457	1184	99	2020.596	13.5051	1.5144
46086	rural areas	0.5793	0.3092	2	159	323	70	2019.6143	5.3286	0.5872
46105	rural development	0.4403	0.6246	2	156	304	69	2020.4058	10.942	1.1485
46113	rural economy	0.3509	0.6717	2	107	172	34	2020.6176	18.1471	1.6858
46187	rural population	-0.5159	0.4912	2	407	1133	70	2019.1143	13.8286	1.2769
46254	russian federation	0.2004	0.4044	2	105	138	27	2019.8889	7.8148	0.6422
46328	safety	-0.0908	-0.1821	3	145	248	23	2019.5217	18.8696	2.5615
46391	sales	1.3224	-0.2032	4	347	3379	491	2020.3177	10.8371	1.0927
46522	sanitation	-0.2552	0.5737	2	135	199	10	2020	13.7	1.0328
46556	sars-cov-2	-0.9599	0.0841	3	282	716	39	2021.3333	17.9487	1.7847
46584	satisfaction	-0.4118	-0.0512	3	266	540	46	2020	10.8478	0.9827
46600	saudi arabia	0.0122	0.5252	2	159	266	37	2020.7027	7.8919	0.9626
46737	school	-0.8166	0.2413	3	185	387	21	2020.9524	17.1905	1.5771
46739	school child	-1.0982	0.2208	3	110	199	10	2021.2	6.5	0.4912
46779	schools	-0.6945	0.2168	3	157	321	19	2020.1053	19.8947	1.7253
46859	scientist	-0.4349	-0.2759	1	255	453	21	2017.6667	35.1905	2.3829
46895	screening	-0.4574	-0.3629	1	199	298	13	2018.6154	18.6923	1.3782
46962	search engines	1.4453	-0.3298	4	78	175	29	2019.6552	9.1724	0.7973
47090	security	0.7802	-0.303	4	94	131	29	2020.2759	14.8621	1.6864
47200	self care	-0.3547	-0.475	1	169	260	13	2020.3846	10.8462	0.9906
47201	self concept	-0.6074	0.1471	3	189	307	13	2020.8462	7.6923	0.6587
47207	self employment	0.1948	0.6599	2	177	302	32	2018.8438	8.8438	0.6772
47220	self report	-0.7436	0.3672	3	219	430	17	2018.8824	16.8235	1.1102
47258	self-employment	0.1598	0.6645	2	115	200	58	2019.1379	9.569	1.0246
47379	semantics	1.1228	-0.3615	4	136	306	67	2018.8955	36.9851	2.2558
47384	semi structured interview	-0.5273	-0.1959	1	403	1070	55	2020.3818	7.4545	0.6637
47460	sensitivity analysis	0.5554	-0.0432	4	121	172	27	2021.4444	9.7407	3.1413
47483	sentiment analysis	1.302	-0.3444	4	195	790	124	2020.4839	13.3468	1.3121
47656	service industry	0.8282	0.0534	4	102	132	22	2019.7727	19.1364	1.7074
47777	sex difference	-0.5573	0.4974	3	192	388	18	2018.5	10.6667	0.7148
47781	sex factors	-0.7603	0.5746	3	144	282	14	2018.0714	13.2857	0.9975
47803	sexual behavior	-1.0219	0.4618	5	148	291	16	2019.4375	12.3125	1.0843
48187	simulation	0.3059	-0.0966	4	158	218	27	2021.0741	5.4815	0.5185
48308	skill	-0.4427	-0.2126	1	241	454	24	2020	9.3333	0.7794
48381	sleep	-1.1096	-0.154	3	128	207	9	2019.8889	28.8889	2.6406
48464	small and medium-sized enterprise	0.5659	0.505	2	266	622	98	2020.3878	19.2245	1.786
48483	small business	0.178	0.4421	2	270	498	103	2019.8544	8.835	0.8274
48683	smart city	1.3128	-0.0678	4	90	214	34	2019.9412	11.8824	0.8811
48761	smartphones	0.7969	-0.3309	4	82	116	31	2018.9355	9.9355	0.8958
48764	sme	0.8238	0.4215	2	131	249	95	2020.0526	10.5895	1.1554
48783	smes	0.723	0.4945	2	208	451	173	2020.3237	12.6879	1.5355
48809	smoking	-0.7704	0.2243	3	245	616	30	2019.8667	4.0667	0.4168
48896	social aspect	-0.6349	0.3682	3	251	469	19	2019.6842	22.4211	1.6525
48897	social aspects	0.7806	0.0789	4	118	187	37	2019.2162	13.6486	2.0827
48905	social behavior	-0.4112	0.2625	3	276	490	30	2019.2333	18.6333	1.2977
48919	social capital	0.5137	0.4701	2	234	482	154	2019.5195	14.6039	1.4261
48926	social care	-0.5755	-0.2486	1	136	216	13	2020	13.3077	1.0273
48992	social determinants of health	-0.3237	-0.3567	1	182	278	14	2020.8571	5.9286	0.685
49000	social distancing	-0.6979	0.4739	3	144	253	12	2021.0833	9.5	0.9788
49018	social enterprise	0.1333	0.1914	2	180	278	57	2019.9649	4.8421	0.5145
49031	social environment	-0.1216	0.0424	2	155	212	18	2018.3333	12.2222	0.7441
49103	social interaction	-0.5481	0.1734	3	246	471	26	2020.1923	9.8846	0.7595
49122	social life	-0.3428	0.1748	3	123	186	12	2020.4167	11.5833	1.0859
49128	social marketing	-0.2162	-0.1768	1	135	217	21	2020.1429	10.4286	0.78
49133	social media	0.6826	-0.2825	4	564	2367	376	2020.2633	15.609	1.5451
49138	social media analytics	1.2102	-0.1967	4	207	698	119	2019.916	32.2269	2.5116
49156	social media datum	1.4589	-0.2641	4	72	175	20	2019.2	13.5	0.9588
49175	social media marketing	1.3905	-0.1562	4	68	173	45	2021.0889	15.8222	1.6295
49181	social media marketings	1.4319	-0.2067	4	87	240	29	2019.931	10.4483	0.9109
49192	social media platforms	1.4807	-0.2375	4	94	264	35	2020.3429	13.8	1.1664
49239	social network	0.2275	0.1113	2	366	737	79	2019.9494	9.4937	1.038
49257	social networking (online)	1.2687	-0.2672	4	319	2211	316	2019.2816	14.0791	1.1176
49266	social networks	0.762	0.1333	4	154	296	92	2019.663	16.1413	1.495
49323	social responsibility	0.1856	0.0505	2	213	333	42	2019.4048	18.7381	1.3411
49348	social security	-0.2661	0.1966	3	140	199	17	2018.9412	37.1176	2.1231
49364	social status	-0.4703	0.3905	3	328	738	45	2020.3333	10.0222	0.7585
49366	social stigma	-0.6759	0.5127	3	157	239	10	2020.5	6.4	0.7449
49373	social support	-0.4565	0.0343	1	434	1150	69	2019.7826	11.1739	0.8456
49400	social welfare	-0.3428	-0.4136	1	143	205	15	2018.9333	6.2667	0.5499
49404	social work	-0.3645	-0.3546	1	206	341	25	2020.28	8	0.7578
49579	sociodemographics	-0.7656	0.2992	3	144	240	11	2023.0909	0.7273	0.2622
49587	socioeconomic conditions	0.1947	0.597	2	175	265	36	2020.1111	11.6944	1.2558
49590	socioeconomic factors	-0.6111	0.5322	3	384	1175	55	2018.7273	17.4545	1.2154
49592	socioeconomic impact	0.2207	0.5385	2	130	162	24	2020.2917	11.8333	0.951
49602	socioeconomic status	-0.0057	0.6188	2	156	219	29	2019.2069	16.6897	1.5589
49608	socioeconomics	-0.5823	0.4341	3	444	1401	62	2018.9677	18.1935	1.3166
49614	socioemotional wealth	0.8343	0.652	2	122	393	201	2020.796	21.0995	2.0897
49633	sociology	-0.1209	-0.2105	1	131	193	16	2020.0625	16.125	1.4386
49687	software	0.2579	-0.2448	4	227	355	36	2019.9167	15.6944	1.2329
49706	software design	1.019	-0.0905	4	96	163	46	2018.3478	8.9565	0.5388
49963	south africa	0.0995	0.4573	2	148	224	58	2020.3621	6.931	0.6716
49985	south korea	-0.0873	0.1258	2	192	268	35	2019.6286	9.5429	0.8046
50073	spain	0.2413	0.4621	2	251	477	83	2019.6867	10.3614	0.9592
50180	spatiotemporal analysis	0.3688	0.5224	2	123	172	30	2021.4	8.9667	1.0806
50399	sports	0.4833	-0.3355	4	138	193	23	2019.2609	5.8261	0.8529
50428	spouse	-0.6266	0.6667	3	145	268	13	2017.9231	19.1538	1.1196
50430	spouses	-0.566	0.687	3	127	226	12	2018.5	18.75	1.1003
50488	staff	-0.4702	-0.5164	1	154	243	13	2018.7692	27.4615	1.5832
50511	stakeholder	0.3397	0.4997	2	224	401	63	2020.6984	14.9841	1.5395
50519	stakeholder engagement	0.1164	-0.1637	1	161	211	20	2020.2	24.2	2.2857
50580	standards	-0.4596	-0.5503	1	370	984	58	2016.2931	22.8276	1.2402
50746	statistical analysis	0.194	-0.1009	4	156	210	23	2020.2174	16.8261	1.4702
50767	statistical model	-0.5137	0.3649	3	184	367	17	2017.7059	15.9412	1.0598
50785	statistics	0.3859	-0.3906	4	246	411	40	2020.05	8.45	0.6347
50787	statistics and numerical data	-0.6829	-0.0732	1	469	1572	77	2016.5195	23.7792	1.3886
50870	stigma	-0.8766	0.3899	3	169	272	12	2020.5833	5.1667	0.5895
51018	strategic approach	0.4252	0.5531	2	218	355	48	2020.9792	15.4583	1.7066
51102	strategic planning	1.066	0.0521	4	256	732	95	2020.9368	8.5263	0.9488
51141	strategy	0.8431	0.3695	2	161	346	118	2020.0424	8.2458	0.7896
51225	stress	-0.609	0.1881	3	242	469	46	2019.6739	8.9783	0.806
51247	"stress, psychological"	-0.9799	-0.12	3	183	325	14	2018.4286	88.9286	4.842
51283	structural equation modeling	0.3741	0.1336	4	189	308	42	2020.2857	34.4762	2.8946
51346	structured questionnaire	-0.6456	0.6144	3	160	303	14	2020.8571	4.0714	0.3642
51352	student	-0.1797	0.0465	3	295	742	67	2019.7612	17.5522	1.4617
51412	students	0.5489	-0.1408	4	323	911	138	2020.2609	8.2101	0.7315
51579	succession	0.6164	0.7129	2	174	634	277	2019.9639	13.0036	1.1689
51607	succession planning	0.8557	0.5359	2	76	197	91	2019.8022	8.2088	0.7353
51742	supervised learning	1.0283	-0.4939	4	88	170	24	2020.5	80.1667	4.1994
51791	supply chain management	0.9775	0.1449	4	164	324	53	2021.0755	21.3774	2.2348
51811	supply chains	1.0131	0.126	4	165	401	77	2020.2857	18.4416	1.9207
51858	support vector machines	1.3104	-0.4848	4	118	344	40	2020.7	14.7	2.1071
51926	survey	0.2514	-0.0717	2	134	186	35	2019.9429	10.1143	1.0119
51942	surveys	0.6689	-0.0444	4	390	955	149	2019.0201	11.3289	1.0024
51943	surveys and questionnaires	-0.7983	0.0681	3	493	2153	101	2019.7228	11.8218	0.9885
51961	survivor	-0.8214	-0.2747	1	122	205	11	2020	8.9091	0.8366
51968	sustainability	0.5368	0.4513	2	435	1646	369	2020.7751	13.3631	1.5757
52055	sustainable development	0.6003	0.3452	2	466	1686	285	2020.0281	14.9579	1.4498
52214	sweden	0.1714	0.3017	2	223	340	47	2019.5957	14.1277	1.3491
52399	systematic literature review	0.8925	0.1121	4	164	296	71	2021.2113	24.4789	3.3432
52406	systematic review	-0.0614	-0.2541	1	400	793	64	2020.9062	32.3906	3.0874
52503	taiwan	-0.076	0.0115	2	124	179	23	2019.3478	9.4783	0.8424
52555	tanzania	-0.3741	0.4933	2	166	273	24	2019.375	11.7083	1.2374
52697	teacher	-0.6752	-0.2572	3	171	300	17	2020.2353	4.2941	0.4016
52712	teaching	0.4372	-0.1744	4	177	283	37	2019.2703	6.4595	0.6824
52920	technology	0.4392	-0.023	4	258	475	85	2021.0353	7.5882	1.0369
52927	technology adoption	0.6207	0.394	2	126	191	30	2021.2333	21.5667	3.7916
53079	telehealth	-0.6108	-0.643	1	203	371	18	2020.2778	9.2222	0.8973
53083	telemedicine	-0.6898	-0.4927	1	243	531	29	2020	29.4828	2.6106
53203	terminal care	-1.0351	-0.5542	1	149	372	19	2019.0526	13.4211	1.0184
53294	text mining	1.0112	-0.4034	4	122	255	46	2020.2609	39.1304	3.3369
53338	thailand	0.219	0.1558	2	191	307	50	2020.4	6.34	0.6886
53527	thematic analysis	-0.3857	-0.234	1	343	799	44	2021.1364	7.9545	0.8326
53557	theoretical model	-0.0448	0.2885	3	173	246	14	2018.4286	27.8571	1.9197
53563	theoretical study	0.1807	0.2058	2	240	512	50	2020.96	17	1.8821
53614	therapy	-0.6228	-0.5108	1	180	279	17	2022.4118	8.5882	1.1571
53793	time factor	-1.1188	0.0073	3	149	248	9	2020.2222	11.1111	0.8138
53794	time factors	-1.1154	-0.0262	3	149	248	9	2020.2222	11.1111	0.8138
53816	time series	1.0821	-0.4897	4	76	139	20	2020.7	10.5	0.9014
53817	time series analysis	0.9794	-0.4217	4	99	175	25	2021.12	8.2	1.0863
53913	tobacco	0.0512	0.0249	6	125	220	20	2019.8	3.3	0.2923
54057	total quality management	-0.5201	-0.5315	1	323	722	39	2019.3846	15.0513	1.1044
54077	tourism	0.5099	0.314	2	330	716	153	2020.5294	15.4575	1.4054
54104	tourism development	0.4179	0.5235	2	120	189	34	2020.2941	17.1471	2.58
54377	traffic and transport	-0.5479	0.3448	3	162	250	12	2020	15	1.0504
54400	training	-0.0352	-0.0556	1	301	473	51	2020.0588	9	0.8433
54569	transients and migrants	-0.6947	0.646	3	120	219	9	2019.8889	5.4444	0.3912
54736	travel	-0.8395	-0.0013	3	240	468	29	2018.7931	13.6207	1.1136
54812	treatment outcome	-0.7691	-0.4325	1	185	328	20	2019.75	7.15	0.5278
54859	trends	-0.1261	-0.4601	1	253	466	36	2017.5833	16.9722	1.1382
54962	trust	0.0629	-0.0524	2	345	683	104	2019.6058	13.2212	1.0999
55056	turkey	-0.1181	0.1915	3	188	304	49	2019.7959	9.9796	0.7886
55119	twitter	1.3407	-0.4173	4	80	212	43	2019.7442	19.1628	2.0021
55222	uganda	-0.5747	0.5506	5	191	358	23	2019.6522	14.5652	1.0504
55273	uncertainty	-0.0032	-0.1515	3	250	378	41	2020.9024	9.0976	1.1162
55285	unclassified drug	-0.4446	0.5008	2	115	226	22	2019.2727	17.0909	1.38
55355	unemployment	-0.4167	0.6339	3	276	597	55	2019.2545	10.4909	0.8954
55417	united kingdom	0.0323	0.1915	2	295	606	71	2019.4085	16.1972	1.2947
55424	united states	-0.252	-0.314	1	669	2852	234	2019.1538	16.9957	1.3336
55458	universities	-0.3734	-0.1869	3	133	224	19	2020.2105	8.5263	1.0847
55460	university	-0.3635	-0.3085	3	232	477	44	2019.7045	6.7727	0.5612
55634	urban area	-0.2398	0.4188	2	249	423	27	2021.2222	17.8519	2.2482
55696	urban population	-0.3925	0.3792	3	142	216	13	2018.7692	9.6923	0.8247
55958	utilization	-0.951	-0.4989	1	137	217	11	2016.2727	13.2727	0.7407
55978	vaccination	-0.9931	0.2129	3	126	239	17	2020.1765	8.1176	0.6558
56216	vegetable	-0.1608	0.5575	2	141	252	18	2019.8889	13.2222	1.0183
56224	vegetables	-0.1545	0.5088	2	125	206	15	2019.2	13.8	0.8437
56327	very elderly	-1.1028	-0.1963	3	346	1142	50	2018.94	22.66	1.4517
56439	viet nam	-0.1323	0.6372	2	150	212	24	2020.875	6.7083	0.701
56440	vietnam	-0.0764	0.5955	2	131	188	44	2021.0682	6.5909	0.7803
56479	violence	-0.5328	0.2357	3	162	263	24	2020.25	13.2917	1.0871
56500	virology	-0.9296	0.5892	3	131	233	13	2019.1538	18.6154	1.6058
56572	virus pneumonia	-0.8119	0.5758	3	180	393	14	2020	56.5	4.3933
56575	virus transmission	-0.8938	0.1553	3	150	259	9	2020.6667	33.2222	2.94
56610	visual analytics	0.989	-0.3749	4	98	186	32	2019.1875	22	1.6366
56658	visualization	1.0927	-0.3936	4	171	483	77	2019.8442	10.961	1.0605
56816	vulnerability	0.1721	0.5264	2	128	192	36	2020.0278	8.5	0.8525
56826	vulnerable population	-0.4593	0.3598	3	147	231	12	2019.9167	7.1667	0.5507
56940	waste management	0.4094	0.3125	2	140	225	29	2019.9655	31.2069	2.1449
56976	water	-0.0197	0.4154	2	159	253	16	2019.8125	22.5	1.9978
57021	water supply	-0.106	0.5004	2	124	188	12	2019.6667	12.5833	0.9906
57105	web analytics	1.3322	-0.2534	4	111	264	62	2020.2581	13.1452	1.1203
57155	web of science	0.1144	-0.3253	1	149	195	14	2021.6429	25.1429	2.2642
57178	web services	1.2652	-0.159	4	89	157	31	2018.0323	5.8387	0.4681
57237	websites	1.2596	-0.3006	4	165	465	76	2019.3026	11.25	1.0424
57338	wellbeing	-0.3591	-0.047	3	475	1232	86	2020.1395	12.8256	1.1052
57624	women	0.1271	0.5104	2	258	561	183	2020.1749	9.0874	1.1229
57653	women entrepreneurs	0.48	0.5425	2	116	214	104	2021.0192	10.2981	1.1159
57723	women's health	-0.7711	-0.0449	1	225	471	22	2018.2727	17.7273	1.047
57758	womens employment	0.039	0.6496	2	106	171	31	2019.9355	12.6774	2.2018
57762	womens status	0.135	0.7204	2	188	460	72	2020.3056	18.3194	2.0659
57838	work	-0.4475	-0.0141	3	283	547	37	2019.027	18.7027	1.1353
57877	work environment	-0.3847	-0.012	3	256	578	34	2020.1471	10.9412	1.0069
57939	work-family conflict	0.1051	0.0506	3	114	202	49	2019.9184	7.6531	0.7896
57966	work-life balance	0.0374	-0.1199	3	179	388	69	2019.6232	10.4493	0.7903
58003	worker	-0.5747	0.2492	3	285	686	36	2019.4444	11.5556	0.8967
58026	workflow	-0.0345	-0.6284	1	140	220	13	2019.8462	13.6154	1.0064
58033	workforce	-0.2539	-0.428	1	249	437	26	2020.7692	8.7308	0.9501
58054	working conditions	-0.2317	0.1715	3	187	305	25	2019.64	8.04	0.5932
58081	workload	-0.6475	-0.1114	3	178	322	18	2020.0556	11.1111	1.1681
58084	workplace	-0.4224	0.0629	3	403	1125	79	2019.4051	23.6456	1.5156
58160	world health organization	-0.3783	0.249	3	166	241	13	2020.1538	13.6923	1.3237
58300	young adult	-0.7977	0.344	3	606	3136	132	2019.4924	14.6591	1.1745
