id	label	x	y	cluster	weight<Links>	weight<Total link strength>	weight<Documents>	weight<Citations>	weight<Norm. citations>	score<Avg. pub. year>	score<Avg. citations>	score<Avg. norm. citations>
12	afghanistan	-0.2734	0.7836	6	86	2850	5	15	0.8998	2019.8	3	0.18
18	albania	0.7156	0.0452	5	83	1403	16	16	4.3909	2021.6875	1	0.2744
19	algeria	1.1819	0.5464	5	54	413	6	37	2.6569	2019.1667	6.1667	0.4428
21	amp	0.4863	-0.5957	1	105	16023	9	7	9.602	2024	0.7778	1.0669
24	argentina	1.1278	-0.2732	4	110	23351	54	514	47.7259	2020.463	9.5185	0.8838
26	armenia	0.1634	-0.9646	8	96	5010	5	6	4.8058	2020.4	1.2	0.9612
30	australia	-0.7205	0.1797	2	119	525899	944	14288	1427.6202	2019.8157	15.1356	1.5123
31	austria	0.3083	-0.6661	1	119	363814	248	4930	428.5257	2019.7339	19.879	1.7279
33	bahrain	0.3221	0.5396	3	102	6259	22	93	10.3068	2021.4091	4.2273	0.4685
35	bangladesh	-0.5944	-0.156	3	115	55296	108	3276	331.2191	2021.0463	30.3333	3.0668
36	barbados	-0.8597	0.4944	2	97	6198	6	51	4.4936	2020.1667	8.5	0.7489
39	belarus	-0.0743	-1.2706	1	45	489	12	96	7.0228	2020.4167	8	0.5852
40	belgium	0.6208	-0.439	8	117	278708	189	3261	294.8916	2020.127	17.254	1.5603
41	benin	-0.507	-1.0895	1	32	232	5	4	0.5492	2022.4	0.8	0.1098
46	bosnia and herzegovina	0.2026	-0.2534	1	104	15938	23	186	19.1745	2020.5652	8.087	0.8337
47	botswana	-0.9816	-0.3983	2	57	460	7	144	16.1439	2018.8571	20.5714	2.3063
48	brazil	0.4794	0.0734	5	118	116007	375	2887	264.4306	2019.9893	7.6987	0.7051
49	brunei darussalam	0.4617	0.5369	3	83	2081	6	277	24.1524	2021.1667	46.1667	4.0254
50	bulgaria	-0.2212	-0.353	1	104	15289	45	113	11.0053	2020.8	2.5111	0.2446
57	cambodia	-1.592	0.1675	2	40	775	6	34	4.397	2020.1667	5.6667	0.7328
59	cameroon	-0.6549	0.4681	2	98	4321	10	56	6.0236	2020.2	5.6	0.6024
60	canada	0.2525	0.157	5	119	715522	702	12616	1146.0385	2019.8177	17.9715	1.6325
66	chile	0.8586	-0.4176	4	115	181820	152	1760	177.6832	2020.5066	11.5789	1.169
67	china	-0.1605	0.5257	10	119	794734	1623	17331	2132.7133	2020.8182	10.6784	1.3141
69	colombia	0.9079	-0.1943	4	116	107981	201	1124	112.24	2019.9204	5.592	0.5584
75	costa rica	1.1613	0.0412	4	96	7736	13	273	22.6097	2019.4615	21	1.7392
77	croatia	0.1915	-0.5589	1	112	57787	107	816	125.3671	2020.0748	7.6262	1.1717
78	cuba	1.4197	-0.3421	4	16	548	10	55	4.5598	2019.3	5.5	0.456
80	cyprus	0.4838	-0.2158	5	116	111687	70	972	114.9164	2021.2286	13.8857	1.6417
81	czech republic	0.2815	-0.5231	1	117	135819	202	1422	190.3836	2019.9257	7.0396	0.9425
86	denmark	0.3933	0.7757	5	114	97473	133	2254	199.27	2019.7218	16.9474	1.4983
90	ecuador	1.2132	-0.288	4	116	25178	104	368	68.4325	2021.0481	3.5385	0.658
91	egypt	0.3203	0.4903	3	113	35436	81	618	85.7945	2021.1481	7.6296	1.0592
98	estonia	-0.4882	-0.1247	1	100	4488	36	947	81.4483	2019.5278	26.3056	2.2625
99	ethiopia	-0.9428	0.1354	2	108	14632	67	352	57.8753	2021.8806	5.2537	0.8638
102	fiji	-1.341	0.4929	2	51	688	7	92	9.7355	2021.1429	13.1429	1.3908
103	finland	-0.3147	0.4657	2	117	165253	204	3821	310.4836	2019.8039	18.7304	1.522
105	france	0.3888	-0.0102	5	119	756897	646	10746	1143.3079	2020.0526	16.6347	1.7698
108	georgia	-0.6709	-0.7558	3	55	509	9	110	9.5565	2019.4444	12.2222	1.0618
110	germany	0.1666	-0.3903	1	120	1028360	898	14599	1313.901	2019.931	16.2572	1.4631
111	ghana	-0.4902	-0.6131	1	115	65368	116	830	92.7117	2020.4914	7.1552	0.7992
114	greece	0.4945	-0.1273	5	113	62313	180	2392	233.7098	2020.4778	13.2889	1.2984
117	guatemala	0.8933	0.693	8	96	7990	9	68	4.6817	2018.6667	7.5556	0.5202
125	honduras	1.1881	-0.027	4	55	634	9	26	1.9517	2019.8889	2.8889	0.2169
126	hong kong	-0.5418	-0.3995	1	114	113410	174	3176	252.4323	2019.6954	18.2529	1.4508
127	hungary	-0.0403	-0.1699	1	111	48400	98	598	81.9374	2020.8673	6.102	0.8361
128	iceland	0.0221	1.0066	6	101	12010	10	157	13.7747	2019.7	15.7	1.3775
134	india	-0.4116	-0.0662	2	119	431785	1590	11682	1413.6877	2020.9094	7.3472	0.8891
135	indonesia	-0.0594	0.2832	3	117	134135	669	2446	292.0366	2020.867	3.6562	0.4365
143	iran	-0.3515	-0.1974	2	115	51872	104	1230	146.0271	2020.625	11.8269	1.4041
144	iraq	0.4106	0.4059	3	96	10324	32	312	59.5685	2022.2188	9.75	1.8615
145	ireland	-0.0963	0.7368	6	114	150804	126	1758	261.6902	2020.6746	13.9524	2.0769
146	israel	-0.1723	-0.6594	7	111	37743	84	616	59.1895	2020.0119	7.3333	0.7046
147	italy	0.5848	0.2515	5	120	1623920	1087	22307	2219.4712	2020.0534	20.5216	2.0418
149	jamaica	-0.97	0.4504	2	107	11651	9	48	5.0916	2020.2222	5.3333	0.5657
150	japan	-0.4002	-0.6544	7	113	86147	221	1372	139.8647	2019.991	6.2081	0.6329
151	jordan	0.0068	0.2364	3	110	27910	82	607	113.6967	2021.8171	7.4024	1.3865
157	kazakhstan	-0.5355	-0.5365	1	108	16371	27	202	41.5691	2020.6667	7.4815	1.5396
159	kenya	-0.6935	0.4366	2	101	9834	45	286	27.7854	2020.7111	6.3556	0.6175
163	kuwait	-0.1938	0.0804	1	104	7529	24	433	32.6639	2019.4583	18.0417	1.361
169	latvia	-0.1214	-0.7419	1	88	1731	25	120	12.2143	2021.4	4.8	0.4886
170	lebanon	0.4124	-0.3434	7	112	108194	74	1062	117.4162	2020.3919	14.3514	1.5867
174	libya	0.7138	0.56	3	98	9646	5	13	4.3285	2023.2	2.6	0.8657
175	liechtenstein	0.5253	0.9552	9	104	41890	16	677	41.1883	2018.5	42.3125	2.5743
178	lithuania	-0.0375	-0.6503	1	108	19882	49	449	49.5458	2019.9796	9.1633	1.0111
181	luxembourg	0.8648	0.3	3	104	17739	17	370	36.3899	2020.1176	21.7647	2.1406
182	macao	-0.5358	-0.6395	1	88	2888	22	313	69.0128	2020.5455	14.2273	3.1369
185	malawi	-1.0677	0.1643	2	42	411	9	32	2.9603	2019.8889	3.5556	0.3289
186	malaysia	-0.115	0.2161	3	117	263906	526	5552	557.2183	2020.3973	10.5551	1.0594
189	malta	0.0449	-0.7106	7	102	8266	10	155	16.6605	2020.3	15.5	1.666
193	mauritius	-0.5215	-0.0096	2	91	1259	12	101	5.9726	2019.0833	8.4167	0.4977
195	mexico	0.8992	-0.1124	4	116	223315	286	2057	213.1518	2020.0035	7.1923	0.7453
198	monaco	0.3201	0.982	6	109	30935	7	28	24.0711	2022.7143	4	3.4387
200	montenegro	0.0363	-0.55	1	76	1328	13	132	10.1352	2019.5385	10.1538	0.7796
201	morocco	0.4383	0.2318	5	113	50476	89	826	88.4872	2020.8652	9.2809	0.9942
203	myanmar	-0.2705	-1.2364	7	43	253	11	65	5.4955	2020.3636	5.9091	0.4996
206	nepal	-1.308	-0.0496	2	73	1775	23	125	10.521	2019.6522	5.4348	0.4574
207	netherlands	-0.5427	0.2103	2	118	228480	294	5992	576.1016	2020.0442	20.381	1.9595
209	new zealand	-0.4195	0.5164	2	116	71999	154	2145	186.1295	2019.4221	13.9286	1.2086
212	nigeria	-0.6348	0.0731	2	114	32245	158	803	72.4061	2020.3101	5.0823	0.4583
214	north macedonia	-0.1489	0.0409	1	108	41724	55	1113	94.8373	2019.7273	20.2364	1.7243
216	norway	0.0342	0.0016	1	116	89089	139	3632	341.2487	2019.8849	26.1295	2.455
220	oman	0.1874	0.2605	3	110	55907	64	588	89.3908	2021.3906	9.1875	1.3967
223	pakistan	-0.0077	0.371	3	115	110598	205	2497	311.3917	2020.8146	12.1805	1.519
224	palestine	-0.0209	0.5199	3	108	17817	16	38	7.2237	2021.375	2.375	0.4515
229	peru	0.5271	-0.0002	4	116	38747	97	541	91.7527	2021.4742	5.5773	0.9459
231	philippines	0.0765	-0.2558	1	110	16082	85	377	38.8231	2020.5176	4.4353	0.4567
232	poland	-0.1719	-0.247	1	117	173669	295	2174	245.5397	2020.1525	7.3695	0.8323
233	portugal	0.1342	-0.1614	7	118	206397	302	2893	373.3155	2020.3907	9.5795	1.2361
240	qatar	0.0673	0.7178	3	106	26136	42	587	50.2153	2020.4048	13.9762	1.1956
246	romania	-0.125	-0.3595	1	106	30464	106	863	110.6559	2020.0755	8.1415	1.0439
247	russian federation	-0.1054	-0.8428	1	115	68913	456	1741	210.0681	2020.4452	3.818	0.4607
250	saudi arabia	0.2843	0.2795	3	115	76702	180	2531	317.9817	2021.3667	14.0611	1.7666
252	school	1.0583	0.4795	5	99	8784	8	175	29.3902	2017.75	21.875	3.6738
257	serbia	0.0196	-0.5042	1	111	17819	55	351	45.6433	2020.2545	6.3818	0.8299
261	singapore	-0.5274	0.7909	3	110	46982	115	2214	184.8864	2019.7391	19.2522	1.6077
262	slovakia	0.0951	-0.5219	1	111	17878	101	863	88.2064	2020.7129	8.5446	0.8733
263	slovenia	-0.3121	-0.1471	1	110	24236	67	537	52.4595	2019.5821	8.0149	0.783
267	south africa	-0.6018	-0.0393	2	117	125486	289	1784	228.7155	2020.3253	6.173	0.7914
268	south korea	-0.3332	0.3249	3	115	79136	253	2825	278.0614	2019.8419	11.166	1.0991
270	spain	0.6908	-0.0449	4	119	1234647	1006	12959	1272.9386	2019.9702	12.8817	1.2653
272	sri lanka	-0.4191	0.3682	6	109	23078	43	231	33.5759	2020.8837	5.3721	0.7808
278	sweden	0.1173	0.7958	6	119	571250	353	5462	577.738	2019.949	15.4731	1.6367
279	switzerland	0.6871	-0.2326	4	117	463178	276	6340	630.2292	2020.2283	22.971	2.2834
283	taiwan	-0.0293	0.608	3	117	165735	257	3506	316.3794	2019.6848	13.642	1.231
284	tanzania	-0.9164	0.1411	2	104	9667	47	447	43.0854	2020.2979	9.5106	0.9167
286	thailand	-1.0563	0.0614	2	115	64926	204	1030	128.0821	2020.5049	5.049	0.6279
292	trinidad and tobago	-0.7395	0.6615	2	90	2939	5	25	1.5554	2019.4	5	0.3111
293	tunisia	0.7033	0.5067	5	111	42384	63	825	77.0568	2020.381	13.0952	1.2231
294	turkey	-0.0598	-0.0825	1	118	172249	305	2449	269.0452	2020.577	8.0295	0.8821
295	uganda	-0.7319	0.4978	2	92	2812	22	227	18.9197	2019.8182	10.3182	0.86
296	ukraine	-0.2929	-0.4381	1	100	4650	137	410	51.7057	2021.4964	2.9927	0.3774
297	united arab emirates	0.2118	0.4769	6	118	238648	219	2873	330.2418	2020.5662	13.1187	1.508
298	united kingdom	0.0202	0.1206	2	120	1359487	1679	29786	2883.153	2019.8273	17.7403	1.7172
299	united states	-0.2919	-0.0207	2	119	1976143	4019	63696	5432.7302	2019.4541	15.8487	1.3518
313	uruguay	0.9834	-0.9057	4	54	682	15	51	5.6211	2020.2	3.4	0.3747
314	uzbekistan	-0.4722	-0.6704	1	86	3779	34	90	54.7739	2022.4706	2.6471	1.611
316	venezuela	1.1388	-0.1821	4	87	2278	28	121	8.4884	2018.8929	4.3214	0.3032
317	viet nam	-0.3784	0.176	2	115	70891	129	841	151.8014	2021.6589	6.5194	1.1768
321	yemen	0.4318	0.6658	3	92	5292	7	96	10.3728	2021.8571	13.7143	1.4818
324	zimbabwe	-0.7629	-0.1441	2	98	3463	25	110	15.0983	2021.36	4.4	0.6039
